-8 4.45482e-05 32 32 4.45482e-05 32 32
-7.91667 -0.000321815 31.3368 31.3368 -0.000321815 31.3368 31.3368
-7.83333 -0.000493956 30.6806 30.6806 -0.000493956 30.6806 30.6806
-7.75 -0.000308698 30.0312 30.0312 -0.000308698 30.0312 30.0312
-7.66667 2.5857e-05 29.3889 29.3889 2.5857e-05 29.3889 29.3889
-7.58333 0.000249088 28.7535 28.7535 0.000249088 28.7535 28.7535
-7.5 0.00010073 28.125 28.125 0.00010073 28.125 28.125
-7.41667 -0.000260706 27.5035 27.5035 -0.000260706 27.5035 27.5035
-7.33333 -0.000505129 26.8889 26.8889 -0.000505129 26.8889 26.8889
-7.25 -0.000470098 26.2812 26.2812 -0.000470098 26.2812 26.2812
-7.16667 -0.000106989 25.6806 25.6806 -0.000106989 25.6806 25.6806
-7.08333 0.000239308 25.0868 25.0868 0.000239308 25.0868 25.0868
-7 0.000368412 24.5 24.5 0.000368412 24.5 24.5
-6.91667 0.000273685 23.9201 23.9201 0.000273685 23.9201 23.9201
-6.83333 3.4982e-05 23.3472 23.3472 3.4982e-05 23.3472 23.3472
-6.75 -0.000176971 22.7812 22.7812 -0.000176971 22.7812 22.7812
-6.66667 -0.000213708 22.2222 22.2222 -0.000213708 22.2222 22.2222
-6.58333 -3.84308e-05 21.6701 21.6701 -3.84308e-05 21.6701 21.6701
-6.5 0.000288497 21.125 21.125 0.000288497 21.125 21.125
-6.41667 0.000537736 20.5868 20.5868 0.000537736 20.5868 20.5868
-6.33333 0.000478048 20.0556 20.0556 0.000478048 20.0556 20.0556
-6.25 0.000198134 19.5312 19.5312 0.000198134 19.5312 19.5312
-6.16667 -3.82805e-05 19.0139 19.0139 -3.82805e-05 19.0139 19.0139
-6.08333 -4.25499e-05 18.5035 18.5035 -4.25499e-05 18.5035 18.5035
-6 0.000116379 18 18 0.000116379 18 18
-5.91667 0.00032718 17.5035 17.5035 0.00032718 17.5035 17.5035
-5.83333 0.00041691 17.0139 17.0139 0.00041691 17.0139 17.0139
-5.75 0.000372953 16.5312 16.5312 0.000372953 16.5312 16.5312
-5.66667 0.000239571 16.0556 16.0556 0.000239571 16.0556 16.0556
-5.58333 0.000202215 15.5868 15.5868 0.000202215 15.5868 15.5868
-5.5 0.000150544 15.125 15.125 0.000150544 15.125 15.125
-5.41667 0.000140967 14.6701 14.6701 0.000140967 14.6701 14.6701
-5.33333 8.9081e-05 14.2222 14.2222 8.9081e-05 14.2222 14.2222
-5.25 2.8087e-05 13.7812 13.7812 2.8087e-05 13.7812 13.7812
-5.16667 3.47486e-05 13.3472 13.3472 3.47486e-05 13.3472 13.3472
-5.08333 -5.49364e-05 12.9201 12.9201 -5.49364e-05 12.9201 12.9201
-5 -9.62136e-05 12.5 12.5 -9.62136e-05 12.5 12.5
-4.91667 -0.00022521 12.0868 12.0868 -0.00022521 12.0868 12.0868
-4.83333 -0.000282161 11.6806 11.6806 -0.000282161 11.6806 11.6806
-4.75 -0.000400097 11.2812 11.2812 -0.000400097 11.2812 11.2812
-4.66667 -0.00044413 10.8889 10.8889 -0.00044413 10.8889 10.8889
-4.58333 -0.00044231 10.5035 10.5035 -0.00044231 10.5035 10.5035
-4.5 -0.000472041 10.125 10.125 -0.000472041 10.125 10.125
-4.41667 -0.000460846 9.75347 9.75347 -0.000460846 9.75347 9.75347
-4.33333 -0.000473395 9.38889 9.38889 -0.000473395 9.38889 9.38889
-4.25 -0.000384257 9.03125 9.03125 -0.000384257 9.03125 9.03125
-4.16667 -0.000117799 8.68056 8.68056 -0.000117799 8.68056 8.68056
-4.08333 0.000260629 8.33681 8.33681 0.000260629 8.33681 8.33681
-4 0.00113338 8 8 0.00113338 8 8
-3.91667 0.00222437 7.67014 7.67014 0.00222437 7.67014 7.67014
-3.83333 0.00390305 7.34722 7.34722 0.00390305 7.34722 7.34722
-3.75 0.00605995 7.03125 7.03125 0.00605995 7.03125 7.03125
-3.66667 0.00898391 6.72222 6.72222 0.00898391 6.72222 6.72222
-3.58333 0.0130372 6.42014 6.42014 0.0130372 6.42014 6.42014
-3.5 0.0188617 6.125 6.125 0.0188617 6.125 6.125
-3.41667 0.0265744 5.83681 5.83681 0.0265744 5.83681 5.83681
-3.33333 0.0255266 5.55556 5.55556 0.0255266 5.55556 5.55556
-3.25 0.0452387 5.28125 5.28125 0.0452387 5.28125 5.28125
-3.16667 0.0667707 5.01389 5.01389 0.0667707 5.01389 5.01389
-3.08333 0.0883277 4.75347 4.75347 0.0883277 4.75347 4.75347
-3 0.116773 4.5 4.5 0.116773 4.5 4.5
-2.91667 0.147249 4.25347 4.25347 0.147249 4.25347 4.25347
-2.83333 0.185545 4.01389 4.01389 0.185545 4.01389 4.01389
-2.75 0.227536 3.78125 3.78125 0.227536 3.78125 3.78125
-2.66667 0.271602 3.55556 3.55556 0.271602 3.55556 3.55556
-2.58333 0.323341 3.33681 3.33681 0.323341 3.33681 3.33681
-2.5 0.369597 3.125 3.125 0.369597 3.125 3.125
-2.41667 0.418276 2.92014 2.92014 0.418276 2.92014 2.92014
-2.33333 0.453127 2.72222 2.72222 0.453127 2.72222 2.72222
-2.25 0.498663 2.53125 2.53125 0.498663 2.53125 2.53125
-2.16667 0.529819 2.34722 2.34722 0.529819 2.34722 2.34722
-2.08333 0.554589 2.17014 2.17014 0.554589 2.17014 2.17014
-2 0.574184 2 2 0.574184 2 2
-1.91667 0.581436 1.83681 1.83681 0.581436 1.83681 1.83681
-1.83333 0.603189 1.68056 1.68056 0.603189 1.68056 1.68056
-1.75 0.617575 1.53125 1.53125 0.617575 1.53125 1.53125
-1.66667 0.634351 1.38889 1.38889 0.634351 1.38889 1.38889
-1.58333 0.654957 1.25347 1.25347 0.654957 1.25347 1.25347
-1.5 0.665766 1.125 1.125 0.665766 1.125 1.125
-1.41667 0.706467 1.00347 1.00347 0.706467 1.00347 1.00347
-1.33333 0.734735 0.888889 0.888889 0.734735 0.888889 0.888889
-1.25 0.753073 0.78125 0.78125 0.753073 0.78125 0.78125
-1.16667 0.78457 0.680556 0.680556 0.78457 0.680556 0.680556
-1.08333 0.801675 0.586806 0.586806 0.801675 0.586806 0.586806
-1 0.812716 0.5 0.5 0.812716 0.5 0.5
-0.916667 0.809654 0.420139 0.420139 0.809654 0.420139 0.420139
-0.833333 0.819253 0.347222 0.347222 0.819253 0.347222 0.347222
-0.75 0.819176 0.28125 0.28125 0.819176 0.28125 0.28125
-0.666667 0.820797 0.222222 0.222222 0.820797 0.222222 0.222222
-0.583333 0.826486 0.170139 0.170139 0.826486 0.170139 0.170139
-0.5 0.837139 0.125 0.125 0.837139 0.125 0.125
-0.416667 0.85296 0.0868056 0.0868056 0.85296 0.0868056 0.0868056
-0.333333 0.872318 0.0555556 0.0555556 0.872318 0.0555556 0.0555556
-0.25 0.892265 0.03125 0.03125 0.892265 0.03125 0.03125
-0.166667 0.909736 0.0138889 0.0138889 0.909736 0.0138889 0.0138889
-0.0833333 0.921727 0.00347222 0.00347222 0.921727 0.00347222 0.00347222
0 0.926057 1.85037e-17 1.85037e-17 0.926057 1.85037e-17 1.85037e-17
0.0833333 0.921726 0.00347222 0.00347222 0.921726 0.00347222 0.00347222
0.166667 0.909736 0.0138889 0.0138889 0.909736 0.0138889 0.0138889
0.25 0.892265 0.03125 0.03125 0.892265 0.03125 0.03125
0.333333 0.872318 0.0555556 0.0555556 0.872318 0.0555556 0.0555556
0.416667 0.85296 0.0868056 0.0868056 0.85296 0.0868056 0.0868056
0.5 0.837139 0.125 0.125 0.837139 0.125 0.125
0.583333 0.826486 0.170139 0.170139 0.826486 0.170139 0.170139
0.666667 0.820796 0.222222 0.222222 0.820796 0.222222 0.222222
0.75 0.819176 0.28125 0.28125 0.819176 0.28125 0.28125
0.833333 0.819253 0.347222 0.347222 0.819253 0.347222 0.347222
0.916667 0.809654 0.420139 0.420139 0.809654 0.420139 0.420139
1 0.812716 0.5 0.5 0.812716 0.5 0.5
1.08333 0.801675 0.586806 0.586806 0.801675 0.586806 0.586806
1.16667 0.78457 0.680556 0.680556 0.78457 0.680556 0.680556
1.25 0.753073 0.78125 0.78125 0.753073 0.78125 0.78125
1.33333 0.734735 0.888889 0.888889 0.734735 0.888889 0.888889
1.41667 0.706467 1.00347 1.00347 0.706467 1.00347 1.00347
1.5 0.665766 1.125 1.125 0.665766 1.125 1.125
1.58333 0.654957 1.25347 1.25347 0.654957 1.25347 1.25347
1.66667 0.634351 1.38889 1.38889 0.634351 1.38889 1.38889
1.75 0.617575 1.53125 1.53125 0.617575 1.53125 1.53125
1.83333 0.603189 1.68056 1.68056 0.603189 1.68056 1.68056
1.91667 0.581436 1.83681 1.83681 0.581436 1.83681 1.83681
2 0.574184 2 2 0.574184 2 2
2.08333 0.554589 2.17014 2.17014 0.554589 2.17014 2.17014
2.16667 0.529819 2.34722 2.34722 0.529819 2.34722 2.34722
2.25 0.498663 2.53125 2.53125 0.498663 2.53125 2.53125
2.33333 0.453127 2.72222 2.72222 0.453127 2.72222 2.72222
2.41667 0.418276 2.92014 2.92014 0.418276 2.92014 2.92014
2.5 0.369597 3.125 3.125 0.369597 3.125 3.125
2.58333 0.323341 3.33681 3.33681 0.323341 3.33681 3.33681
2.66667 0.271602 3.55556 3.55556 0.271602 3.55556 3.55556
2.75 0.227536 3.78125 3.78125 0.227536 3.78125 3.78125
2.83333 0.185545 4.01389 4.01389 0.185545 4.01389 4.01389
2.91667 0.147249 4.25347 4.25347 0.147249 4.25347 4.25347
3 0.116773 4.5 4.5 0.116773 4.5 4.5
3.08333 0.0883276 4.75347 4.75347 0.0883276 4.75347 4.75347
3.16667 0.0667707 5.01389 5.01389 0.0667707 5.01389 5.01389
3.25 0.0452387 5.28125 5.28125 0.0452387 5.28125 5.28125
3.33333 0.0255266 5.55556 5.55556 0.0255266 5.55556 5.55556
3.41667 0.0265744 5.83681 5.83681 0.0265744 5.83681 5.83681
3.5 0.0188617 6.125 6.125 0.0188617 6.125 6.125
3.58333 0.0130372 6.42014 6.42014 0.0130372 6.42014 6.42014
3.66667 0.00898391 6.72222 6.72222 0.00898391 6.72222 6.72222
3.75 0.00605995 7.03125 7.03125 0.00605995 7.03125 7.03125
3.83333 0.00390305 7.34722 7.34722 0.00390305 7.34722 7.34722
3.91667 0.00222437 7.67014 7.67014 0.00222437 7.67014 7.67014
4 0.00113338 8 8 0.00113338 8 8
4.08333 0.000260629 8.33681 8.33681 0.000260629 8.33681 8.33681
4.16667 -0.000117799 8.68056 8.68056 -0.000117799 8.68056 8.68056
4.25 -0.000384257 9.03125 9.03125 -0.000384257 9.03125 9.03125
4.33333 -0.000473395 9.38889 9.38889 -0.000473395 9.38889 9.38889
4.41667 -0.000460846 9.75347 9.75347 -0.000460846 9.75347 9.75347
4.5 -0.000472041 10.125 10.125 -0.000472041 10.125 10.125
4.58333 -0.00044231 10.5035 10.5035 -0.00044231 10.5035 10.5035
4.66667 -0.00044413 10.8889 10.8889 -0.00044413 10.8889 10.8889
4.75 -0.000400097 11.2812 11.2812 -0.000400097 11.2812 11.2812
4.83333 -0.000282161 11.6806 11.6806 -0.000282161 11.6806 11.6806
4.91667 -0.00022521 12.0868 12.0868 -0.00022521 12.0868 12.0868
5 -9.62136e-05 12.5 12.5 -9.62136e-05 12.5 12.5
5.08333 -5.49364e-05 12.9201 12.9201 -5.49364e-05 12.9201 12.9201
5.16667 3.47486e-05 13.3472 13.3472 3.47486e-05 13.3472 13.3472
5.25 2.8087e-05 13.7812 13.7812 2.8087e-05 13.7812 13.7812
5.33333 8.9081e-05 14.2222 14.2222 8.9081e-05 14.2222 14.2222
5.41667 0.000140967 14.6701 14.6701 0.000140967 14.6701 14.6701
5.5 0.000150544 15.125 15.125 0.000150544 15.125 15.125
5.58333 0.000202215 15.5868 15.5868 0.000202215 15.5868 15.5868
5.66667 0.000239571 16.0556 16.0556 0.000239571 16.0556 16.0556
5.75 0.000372953 16.5312 16.5312 0.000372953 16.5312 16.5312
5.83333 0.00041691 17.0139 17.0139 0.00041691 17.0139 17.0139
5.91667 0.00032718 17.5035 17.5035 0.00032718 17.5035 17.5035
6 0.000116379 18 18 0.000116379 18 18
6.08333 -4.25499e-05 18.5035 18.5035 -4.25499e-05 18.5035 18.5035
6.16667 -3.82805e-05 19.0139 19.0139 -3.82805e-05 19.0139 19.0139
6.25 0.000198134 19.5312 19.5312 0.000198134 19.5312 19.5312
6.33333 0.000478048 20.0556 20.0556 0.000478048 20.0556 20.0556
6.41667 0.000537736 20.5868 20.5868 0.000537736 20.5868 20.5868
6.5 0.000288497 21.125 21.125 0.000288497 21.125 21.125
6.58333 -3.84308e-05 21.6701 21.6701 -3.84308e-05 21.6701 21.6701
6.66667 -0.000213708 22.2222 22.2222 -0.000213708 22.2222 22.2222
6.75 -0.000176971 22.7812 22.7812 -0.000176971 22.7812 22.7812
6.83333 3.4982e-05 23.3472 23.3472 3.4982e-05 23.3472 23.3472
6.91667 0.000273685 23.9201 23.9201 0.000273685 23.9201 23.9201
7 0.000368412 24.5 24.5 0.000368412 24.5 24.5
7.08333 0.000239308 25.0868 25.0868 0.000239308 25.0868 25.0868
7.16667 -0.000106989 25.6806 25.6806 -0.000106989 25.6806 25.6806
7.25 -0.000470098 26.2812 26.2812 -0.000470098 26.2812 26.2812
7.33333 -0.000505129 26.8889 26.8889 -0.000505129 26.8889 26.8889
7.41667 -0.000260706 27.5035 27.5035 -0.000260706 27.5035 27.5035
7.5 0.00010073 28.125 28.125 0.00010073 28.125 28.125
7.58333 0.000249088 28.7535 28.7535 0.000249088 28.7535 28.7535
7.66667 2.5857e-05 29.3889 29.3889 2.5857e-05 29.3889 29.3889
7.75 -0.000308698 30.0312 30.0312 -0.000308698 30.0312 30.0312
7.83333 -0.000493956 30.6806 30.6806 -0.000493956 30.6806 30.6806
7.91667 -0.000321815 31.3368 31.3368 -0.000321815 31.3368 31.3368
8 4.45482e-05 32 32 4.45482e-05 32 32
