-8 -0.0002024 32 32 -0.0002024 32 32
-7.91667 -0.000311582 31.3368 31.3368 -0.000311582 31.3368 31.3368
-7.83333 -0.000308109 30.6806 30.6806 -0.000308109 30.6806 30.6806
-7.75 -0.000177013 30.0312 30.0312 -0.000177013 30.0312 30.0312
-7.66667 9.8989e-06 29.3889 29.3889 9.8989e-06 29.3889 29.3889
-7.58333 0.000132786 28.7535 28.7535 0.000132786 28.7535 28.7535
-7.5 6.46773e-05 28.125 28.125 6.46773e-05 28.125 28.125
-7.41667 -0.000203646 27.5035 27.5035 -0.000203646 27.5035 27.5035
-7.33333 -0.000399937 26.8889 26.8889 -0.000399937 26.8889 26.8889
-7.25 -0.000322702 26.2812 26.2812 -0.000322702 26.2812 26.2812
-7.16667 -4.69734e-05 25.6806 25.6806 -4.69734e-05 25.6806 25.6806
-7.08333 0.000241347 25.0868 25.0868 0.000241347 25.0868 25.0868
-7 0.000286381 24.5 24.5 0.000286381 24.5 24.5
-6.91667 0.000168758 23.9201 23.9201 0.000168758 23.9201 23.9201
-6.83333 3.10665e-05 23.3472 23.3472 3.10665e-05 23.3472 23.3472
-6.75 -0.000178807 22.7812 22.7812 -0.000178807 22.7812 22.7812
-6.66667 -0.000191571 22.2222 22.2222 -0.000191571 22.2222 22.2222
-6.58333 -5.93782e-05 21.6701 21.6701 -5.93782e-05 21.6701 21.6701
-6.5 0.000154673 21.125 21.125 0.000154673 21.125 21.125
-6.41667 0.0003557 20.5868 20.5868 0.0003557 20.5868 20.5868
-6.33333 0.000470055 20.0556 20.0556 0.000470055 20.0556 20.0556
-6.25 0.000476502 19.5312 19.5312 0.000476502 19.5312 19.5312
-6.16667 0.000417593 19.0139 19.0139 0.000417593 19.0139 19.0139
-6.08333 0.00034662 18.5035 18.5035 0.00034662 18.5035 18.5035
-6 0.000303399 18 18 0.000303399 18 18
-5.91667 0.000314935 17.5035 17.5035 0.000314935 17.5035 17.5035
-5.83333 0.000384346 17.0139 17.0139 0.000384346 17.0139 17.0139
-5.75 0.000391927 16.5312 16.5312 0.000391927 16.5312 16.5312
-5.66667 0.000333459 16.0556 16.0556 0.000333459 16.0556 16.0556
-5.58333 0.000183552 15.5868 15.5868 0.000183552 15.5868 15.5868
-5.5 0.00017363 15.125 15.125 0.00017363 15.125 15.125
-5.41667 0.000122827 14.6701 14.6701 0.000122827 14.6701 14.6701
-5.33333 7.90057e-05 14.2222 14.2222 7.90057e-05 14.2222 14.2222
-5.25 4.25348e-05 13.7812 13.7812 4.25348e-05 13.7812 13.7812
-5.16667 9.34904e-06 13.3472 13.3472 9.34904e-06 13.3472 13.3472
-5.08333 -5.43152e-05 12.9201 12.9201 -5.43152e-05 12.9201 12.9201
-5 -0.00014377 12.5 12.5 -0.00014377 12.5 12.5
-4.91667 -0.000235715 12.0868 12.0868 -0.000235715 12.0868 12.0868
-4.83333 -0.000324518 11.6806 11.6806 -0.000324518 11.6806 11.6806
-4.75 -0.000374436 11.2812 11.2812 -0.000374436 11.2812 11.2812
-4.66667 -0.000427344 10.8889 10.8889 -0.000427344 10.8889 10.8889
-4.58333 -0.000471576 10.5035 10.5035 -0.000471576 10.5035 10.5035
-4.5 -0.000494583 10.125 10.125 -0.000494583 10.125 10.125
-4.41667 -0.000458855 9.75347 9.75347 -0.000458855 9.75347 9.75347
-4.33333 -0.000413691 9.38889 9.38889 -0.000413691 9.38889 9.38889
-4.25 -0.000280483 9.03125 9.03125 -0.000280483 9.03125 9.03125
-4.16667 -3.49802e-05 8.68056 8.68056 -3.49802e-05 8.68056 8.68056
-4.08333 0.000442061 8.33681 8.33681 0.000442061 8.33681 8.33681
-4 0.00114812 8 8 0.00114812 8 8
-3.91667 0.00219908 7.67014 7.67014 0.00219908 7.67014 7.67014
-3.83333 0.00373795 7.34722 7.34722 0.00373795 7.34722 7.34722
-3.75 0.00593799 7.03125 7.03125 0.00593799 7.03125 7.03125
-3.66667 0.00899261 6.72222 6.72222 0.00899261 6.72222 6.72222
-3.58333 0.0131063 6.42014 6.42014 0.0131063 6.42014 6.42014
-3.5 0.0185878 6.125 6.125 0.0185878 6.125 6.125
-3.41667 0.0260735 5.83681 5.83681 0.0260735 5.83681 5.83681
-3.33333 0.0363382 5.55556 5.55556 0.0363382 5.55556 5.55556
-3.25 0.0502616 5.28125 5.28125 0.0502616 5.28125 5.28125
-3.16667 0.0688442 5.01389 5.01389 0.0688442 5.01389 5.01389
-3.08333 0.0927759 4.75347 4.75347 0.0927759 4.75347 4.75347
-3 0.121893 4.5 4.5 0.121893 4.5 4.5
-2.91667 0.155768 4.25347 4.25347 0.155768 4.25347 4.25347
-2.83333 0.193891 4.01389 4.01389 0.193891 4.01389 4.01389
-2.75 0.235602 3.78125 3.78125 0.235602 3.78125 3.78125
-2.66667 0.280082 3.55556 3.55556 0.280082 3.55556 3.55556
-2.58333 0.326321 3.33681 3.33681 0.326321 3.33681 3.33681
-2.5 0.373031 3.125 3.125 0.373031 3.125 3.125
-2.41667 0.418599 2.92014 2.92014 0.418599 2.92014 2.92014
-2.33333 0.461151 2.72222 2.72222 0.461151 2.72222 2.72222
-2.25 0.498646 2.53125 2.53125 0.498646 2.53125 2.53125
-2.16667 0.529548 2.34722 2.34722 0.529548 2.34722 2.34722
-2.08333 0.554228 2.17014 2.17014 0.554228 2.17014 2.17014
-2 0.573888 2 2 0.573888 2 2
-1.91667 0.590001 1.83681 1.83681 0.590001 1.83681 1.83681
-1.83333 0.604343 1.68056 1.68056 0.604343 1.68056 1.68056
-1.75 0.617478 1.53125 1.53125 0.617478 1.53125 1.53125
-1.66667 0.635083 1.38889 1.38889 0.635083 1.38889 1.38889
-1.58333 0.65481 1.25347 1.25347 0.65481 1.25347 1.25347
-1.5 0.679238 1.125 1.125 0.679238 1.125 1.125
-1.41667 0.706424 1.00347 1.00347 0.706424 1.00347 1.00347
-1.33333 0.734003 0.888889 0.888889 0.734003 0.888889 0.888889
-1.25 0.759924 0.78125 0.78125 0.759924 0.78125 0.78125
-1.16667 0.782204 0.680556 0.680556 0.782204 0.680556 0.680556
-1.08333 0.799492 0.586806 0.586806 0.799492 0.586806 0.586806
-1 0.811345 0.5 0.5 0.811345 0.5 0.5
-0.916667 0.817921 0.420139 0.420139 0.817921 0.420139 0.420139
-0.833333 0.819713 0.347222 0.347222 0.819713 0.347222 0.347222
-0.75 0.820094 0.28125 0.28125 0.820094 0.28125 0.28125
-0.666667 0.822361 0.222222 0.222222 0.822361 0.222222 0.222222
-0.583333 0.828404 0.170139 0.170139 0.828404 0.170139 0.170139
-0.5 0.839117 0.125 0.125 0.839117 0.125 0.125
-0.416667 0.852764 0.0868056 0.0868056 0.852764 0.0868056 0.0868056
-0.333333 0.872049 0.0555556 0.0555556 0.872049 0.0555556 0.0555556
-0.25 0.88649 0.03125 0.03125 0.88649 0.03125 0.03125
-0.166667 0.89818 0.0138889 0.0138889 0.89818 0.0138889 0.0138889
-0.0833333 0.906291 0.00347222 0.00347222 0.906291 0.00347222 0.00347222
0 0.909494 1.85037e-17 1.85037e-17 0.909494 1.85037e-17 1.85037e-17
0.0833333 0.906978 0.00347222 0.00347222 0.906978 0.00347222 0.00347222
0.166667 0.898726 0.0138889 0.0138889 0.898726 0.0138889 0.0138889
0.25 0.885507 0.03125 0.03125 0.885507 0.03125 0.03125
0.333333 0.869187 0.0555556 0.0555556 0.869187 0.0555556 0.0555556
0.416667 0.852784 0.0868056 0.0868056 0.852784 0.0868056 0.0868056
0.5 0.838831 0.125 0.125 0.838831 0.125 0.125
0.583333 0.828447 0.170139 0.170139 0.828447 0.170139 0.170139
0.666667 0.821984 0.222222 0.222222 0.821984 0.222222 0.222222
0.75 0.819309 0.28125 0.28125 0.819309 0.28125 0.28125
0.833333 0.818914 0.347222 0.347222 0.818914 0.347222 0.347222
0.916667 0.817022 0.420139 0.420139 0.817022 0.420139 0.420139
1 0.810603 0.5 0.5 0.810603 0.5 0.5
1.08333 0.798951 0.586806 0.586806 0.798951 0.586806 0.586806
1.16667 0.782213 0.680556 0.680556 0.782213 0.680556 0.680556
1.25 0.760535 0.78125 0.78125 0.760535 0.78125 0.78125
1.33333 0.734614 0.888889 0.888889 0.734614 0.888889 0.888889
1.41667 0.706921 1.00347 1.00347 0.706921 1.00347 1.00347
1.5 0.679973 1.125 1.125 0.679973 1.125 1.125
1.58333 0.655857 1.25347 1.25347 0.655857 1.25347 1.25347
1.66667 0.635922 1.38889 1.38889 0.635922 1.38889 1.38889
1.75 0.619516 1.53125 1.53125 0.619516 1.53125 1.53125
1.83333 0.605022 1.68056 1.68056 0.605022 1.68056 1.68056
1.91667 0.590529 1.83681 1.83681 0.590529 1.83681 1.83681
2 0.574015 2 2 0.574015 2 2
2.08333 0.553532 2.17014 2.17014 0.553532 2.17014 2.17014
2.16667 0.528103 2.34722 2.34722 0.528103 2.34722 2.34722
2.25 0.498591 2.53125 2.53125 0.498591 2.53125 2.53125
2.33333 0.460234 2.72222 2.72222 0.460234 2.72222 2.72222
2.41667 0.417981 2.92014 2.92014 0.417981 2.92014 2.92014
2.5 0.371762 3.125 3.125 0.371762 3.125 3.125
2.58333 0.32343 3.33681 3.33681 0.32343 3.33681 3.33681
2.66667 0.275649 3.55556 3.55556 0.275649 3.55556 3.55556
2.75 0.230186 3.78125 3.78125 0.230186 3.78125 3.78125
2.83333 0.188152 4.01389 4.01389 0.188152 4.01389 4.01389
2.91667 0.150439 4.25347 4.25347 0.150439 4.25347 4.25347
3 0.117771 4.5 4.5 0.117771 4.5 4.5
3.08333 0.090435 4.75347 4.75347 0.090435 4.75347 4.75347
3.16667 0.0681963 5.01389 5.01389 0.0681963 5.01389 5.01389
3.25 0.050584 5.28125 5.28125 0.050584 5.28125 5.28125
3.33333 0.0369348 5.55556 5.55556 0.0369348 5.55556 5.55556
3.41667 0.0265602 5.83681 5.83681 0.0265602 5.83681 5.83681
3.5 0.0188715 6.125 6.125 0.0188715 6.125 6.125
3.58333 0.0131405 6.42014 6.42014 0.0131405 6.42014 6.42014
3.66667 0.00894794 6.72222 6.72222 0.00894794 6.72222 6.72222
3.75 0.00588398 7.03125 7.03125 0.00588398 7.03125 7.03125
3.83333 0.00369709 7.34722 7.34722 0.00369709 7.34722 7.34722
3.91667 0.00217804 7.67014 7.67014 0.00217804 7.67014 7.67014
4 0.00114135 8 8 0.00114135 8 8
4.08333 0.000442061 8.33681 8.33681 0.000442061 8.33681 8.33681
4.16667 -2.42419e-05 8.68056 8.68056 -2.42419e-05 8.68056 8.68056
4.25 -0.000300295 9.03125 9.03125 -0.000300295 9.03125 9.03125
4.33333 -0.000435161 9.38889 9.38889 -0.000435161 9.38889 9.38889
4.41667 -0.0004794 9.75347 9.75347 -0.0004794 9.75347 9.75347
4.5 -0.000475665 10.125 10.125 -0.000475665 10.125 10.125
4.58333 -0.000457003 10.5035 10.5035 -0.000457003 10.5035 10.5035
4.66667 -0.000420781 10.8889 10.8889 -0.000420781 10.8889 10.8889
4.75 -0.000365743 11.2812 11.2812 -0.000365743 11.2812 11.2812
4.83333 -0.000292436 11.6806 11.6806 -0.000292436 11.6806 11.6806
4.91667 -0.000203191 12.0868 12.0868 -0.000203191 12.0868 12.0868
5 -0.000110212 12.5 12.5 -0.000110212 12.5 12.5
5.08333 -3.37666e-05 12.9201 12.9201 -3.37666e-05 12.9201 12.9201
5.16667 2.13173e-05 13.3472 13.3472 2.13173e-05 13.3472 13.3472
5.25 6.04731e-05 13.7812 13.7812 6.04731e-05 13.7812 13.7812
5.33333 8.80294e-05 14.2222 14.2222 8.80294e-05 14.2222 14.2222
5.41667 0.000108051 14.6701 14.6701 0.000108051 14.6701 14.6701
5.5 0.000131405 15.125 15.125 0.000131405 15.125 15.125
5.58333 0.00016993 15.5868 15.5868 0.00016993 15.5868 15.5868
5.66667 0.000236187 16.0556 16.0556 0.000236187 16.0556 16.0556
5.75 0.00031143 16.5312 16.5312 0.00031143 16.5312 16.5312
5.83333 0.000320825 17.0139 17.0139 0.000320825 17.0139 17.0139
5.91667 0.000279317 17.5035 17.5035 0.000279317 17.5035 17.5035
6 0.000234861 18 18 0.000234861 18 18
6.08333 0.000213558 18.5035 18.5035 0.000213558 18.5035 18.5035
6.16667 0.000220516 19.0139 19.0139 0.000220516 19.0139 19.0139
6.25 0.000243761 19.5312 19.5312 0.000243761 19.5312 19.5312
6.33333 0.000258301 20.0556 20.0556 0.000258301 20.0556 20.0556
6.41667 0.000239596 20.5868 20.5868 0.000239596 20.5868 20.5868
6.5 0.000184376 21.125 21.125 0.000184376 21.125 21.125
6.58333 0.000121336 21.6701 21.6701 0.000121336 21.6701 21.6701
6.66667 9.52399e-05 22.2222 22.2222 9.52399e-05 22.2222 22.2222
6.75 0.000132271 22.7812 22.7812 0.000132271 22.7812 22.7812
6.83333 0.000212139 23.3472 23.3472 0.000212139 23.3472 23.3472
6.91667 0.000268587 23.9201 23.9201 0.000268587 23.9201 23.9201
7 0.000218926 24.5 24.5 0.000218926 24.5 24.5
7.08333 2.63237e-05 25.0868 25.0868 2.63237e-05 25.0868 25.0868
7.16667 -0.00024342 25.6806 25.6806 -0.00024342 25.6806 25.6806
7.25 -0.000471118 26.2812 26.2812 -0.000471118 26.2812 26.2812
7.33333 -0.000505596 26.8889 26.8889 -0.000505596 26.8889 26.8889
7.41667 -0.000223019 27.5035 27.5035 -0.000223019 27.5035 27.5035
7.5 0.000101834 28.125 28.125 0.000101834 28.125 28.125
7.58333 0.000149408 28.7535 28.7535 0.000149408 28.7535 28.7535
7.66667 2.72014e-05 29.3889 29.3889 2.72014e-05 29.3889 29.3889
7.75 -0.000307855 30.0312 30.0312 -0.000307855 30.0312 30.0312
7.83333 -0.000272161 30.6806 30.6806 -0.000272161 30.6806 30.6806
7.91667 -0.000291671 31.3368 31.3368 -0.000291671 31.3368 31.3368
8 -0.000259839 32 32 -0.000259839 32 32
