2.6217599e-10
2.9690956e-10
3.3614121e-10
3.8043947e-10
4.304429e-10
4.8686848e-10
5.5052091e-10
6.2230311e-10
7.0322784e-10
7.9443068e-10
8.971845e-10
1.0129156e-09
1.1432216e-09
1.2898916e-09
1.4549281e-09
1.6405721e-09
1.8493305e-09
2.0840066e-09
2.3477342e-09
2.6440154e-09
2.9767624e-09
3.3503443e-09
3.7696385e-09
4.2400884e-09
4.7677665e-09
5.3594454e-09
6.0226752e-09
6.7658706e-09
7.5984063e-09
8.5307232e-09
9.5744453e-09
1.074251e-08
1.204931e-08
1.3510855e-08
1.5144942e-08
1.6971353e-08
1.9012065e-08
2.129149e-08
2.3836728e-08
2.667786e-08
2.984826e-08
3.3384943e-08
3.7328952e-08
4.1725773e-08
4.6625807e-08
5.2084872e-08
5.8164774e-08
6.4933919e-08
7.246799e-08
8.0850698e-08
9.0174595e-08
1.0054198e-07
1.1206586e-07
1.2487108e-07
1.3909545e-07
1.5489109e-07
1.7242582e-07
1.9188473e-07
2.1347191e-07
2.3741226e-07
2.6395357e-07
2.9336875e-07
3.2595825e-07
3.6205273e-07
4.0201598e-07
4.4624807e-07
4.9518882e-07
5.4932158e-07
6.0917735e-07
6.7533925e-07
7.4844743e-07
8.2920437e-07
9.1838066e-07
1.0168213e-06
1.1254527e-06
1.2452897e-06
1.3774442e-06
1.5231336e-06
1.6836904e-06
1.8605727e-06
2.0553752e-06
2.2698415e-06
2.5058773e-06
2.7655645e-06
3.0511771e-06
3.3651975e-06
3.710335e-06
4.0895449e-06
4.5060502e-06
4.9633643e-06
5.4653156e-06
6.0160743e-06
6.6201811e-06
7.2825784e-06
8.0086438e-06
8.8042258e-06
9.6756831e-06
1.0629926e-05
1.1674463e-05
1.2817445e-05
1.4067722e-05
1.5434899e-05
1.6929391e-05
1.8562492e-05
2.0346445e-05
2.229451e-05
2.4421052e-05
2.674162e-05
2.927304e-05
3.2033514e-05
3.5042723e-05
3.832194e-05
4.1894148e-05
4.578417e-05
5.0018803e-05
5.4626966e-05
5.9639851e-05
6.5091093e-05
7.1016946e-05
7.7456467e-05
8.445172e-05
9.2047985e-05
0.00010029399
0.00010924214
0.00011894879
0.0001294745
0.00014088433
0.00015324814
0.00016664092
0.00018114312
0.00019684105
0.0002138272
0.00023220069
0.0002520677
0.0002735419
0.00029674494
0.00032180696
0.00034886709
0.00037807406
0.00040958675
0.00044357481
0.00048021933
0.00051971353
0.00056226343
0.00060808868
0.00065742328
0.00071051646
0.00076763351
0.00082905672
0.00089508629
0.00096604139
0.0010422611
0.0011241056
0.0012119572
0.0013062215
0.0014073289
0.0015157353
0.0016319239
0.0017564066
0.001889725
0.0020324522
0.0021851943
0.0023485919
0.0025233216
0.002710098
0.0029096753
0.0031228489
0.0033504574
0.0035933847
0.0038525614
0.0041289673
0.0044236333
0.0047376434
0.0050721366
0.0054283096
0.0058074188
0.0062107822
0.0066397823
0.0070958678
0.0075805563
0.0080954368
0.0086421717
0.0092224993
0.0098382364
0.010491281
0.011183613
0.011917299
0.012694494
0.013517442
0.01438848
0.015310041
0.016284654
0.017314947
0.018403652
0.019553601
0.020767733
0.022049095
0.023400841
0.024826237
0.026328661
0.027911602
0.029578667
0.031333576
0.033180164
0.035122384
0.037164306
0.039310117
0.041564119
0.043930731
0.046414488
0.049020039
0.051752144
0.054615677
0.057615619
0.060757057
0.064045181
0.067485284
0.071082751
0.074843063
0.078771784
0.082874564
0.087157127
0.091625268
0.096284844
0.10114177
0.10620201
0.11147156
0.11695647
0.12266277
0.12859655
0.13476386
0.14117076
0.14782328
0.15472742
0.16188914
0.16931431
0.17700875
0.18497817
0.1932282
0.20176431
0.21059186
0.21971604
0.22914187
0.23887419
0.24891759
0.25927648
0.269955
0.280957
0.29228608
0.30394551
0.31593824
0.32826685
0.34093359
0.35394027
0.36728833
0.38097876
0.39501209
0.4093884
0.42410727
0.43916774
0.45456836
0.47030711
0.4863814
0.50278806
0.51952332
0.53658279
0.55396144
0.57165362
0.58965299
0.60795257
0.62654467
0.64542095
0.66457233
0.68398907
0.70366071
0.72357608
0.74372332
0.76408984
0.78466238
0.80542697
0.82636895
0.847473
0.86872313
0.8901027
0.91159445
0.93318049
0.95484237
0.97656106
0.998317
1.0200901
1.0418599
1.0636054
1.0853051
1.1069374
1.1284803
1.1499113
1.171208
1.1923476
1.2133073
1.2340642
1.2545953
1.2748778
1.2948889
1.3146058
1.3340064
1.3530683
1.37177
1.39009
1.4080074
1.4255021
1.4425543
1.4591449
1.4752558
1.4908694
1.5059693
1.5205398
1.5345663
1.5480353
1.5609343
1.5732522
1.5849789
1.5961057
1.6066253
1.6165318
1.6258205
1.6344885
1.6425341
1.6499573
1.6567597
1.6629444
1.6685161
1.6734811
1.6778475
1.6816246
1.6848238
1.6874578
1.689541
1.6910894
1.6921203
1.6926528
1.6927073
1.6923056
1.691471
1.690228
1.6886023
1.6866209
1.6843117
1.6817037
1.678827
1.6757123
1.6723912
1.6688956
1.6652584
1.6615126
1.6576916
1.6538289
1.6499583
1.6461134
1.6423275
1.6386338
1.635065
1.6316534
1.6284302
1.6254264
1.6226716
1.6201945
1.6180228
1.6161828
1.6146992
1.6135957
1.6128939
1.612614
1.6127743
1.6133913
1.6144794
1.6160511
1.6181167
1.6206845
1.6237604
1.6273483
1.6314495
1.6360633
1.6411865
1.6468138
1.6529373
1.6595472
1.666631
1.6741743
1.6821605
1.6905708
1.6993844
1.7085785
1.7181285
1.7280079
1.7381887
1.7486412
1.7593344
1.7702359
1.7813122
1.7925287
1.8038501
1.8152402
1.8266623
1.8380796
1.8494546
1.8607501
1.8719291
1.8829546
1.8937902
1.9044004
1.9147503
1.9248059
1.9345346
1.9439049
1.952887
1.9614527
1.9695753
1.9772303
1.9843951
1.9910494
1.9971751
2.0027562
2.0077796
2.0122344
2.0161124
2.0194081
2.0221186
2.0242437
2.0257859
2.0267506
2.0271457
2.0269819
2.0262724
2.025033
2.0232822
2.0210408
2.0183317
2.0151805
2.0116144
2.007663
2.0033574
1.9987305
1.9938168
1.988652
1.983273
1.9777177
1.9720247
1.9662335
1.9603835
1.9545147
1.9486668
1.9428794
1.9371918
1.9316423
1.9262687
1.9211076
1.9161943
1.911563
1.9072458
1.9032735
1.8996746
1.8964756
1.893701
1.8913725
1.8895097
1.8881293
1.8872454
1.8868694
1.8870097
1.8876719
1.8888587
1.8905698
1.8928019
1.8955487
1.8988013
1.9025475
1.9067726
1.9114591
1.9165868
1.9221329
1.9280724
1.9343778
1.9410195
1.947966
1.955184
1.9626384
1.9702928
1.9781095
1.9860497
1.994074
2.002142
2.0102132
2.0182468
2.0262021
2.0340386
2.0417162
2.0491957
2.0564388
2.0634081
2.0700679
2.0763836
2.0823227
2.0878544
2.0929501
2.0975832
2.1017298
2.1053682
2.1084795
2.1110476
2.113059
2.1145032
2.1153728
2.1156632
2.1153728
2.1145032
2.113059
2.1110476
2.1084795
2.1053682
2.1017298
2.0975832
2.0929501
2.0878544
2.0823227
2.0763836
2.0700679
2.0634081
2.0564388
2.0491957
2.0417162
2.0340386
2.0262021
2.0182468
2.0102132
2.002142
1.994074
1.9860497
1.9781095
1.9702928
1.9626384
1.955184
1.947966
1.9410195
1.9343778
1.9280724
1.9221329
1.9165868
1.9114591
1.9067726
1.9025475
1.8988013
1.8955487
1.8928019
1.8905698
1.8888587
1.8876719
1.8870097
1.8868694
1.8872454
1.8881293
1.8895097
1.8913725
1.893701
1.8964756
1.8996746
1.9032735
1.9072458
1.911563
1.9161943
1.9211076
1.9262687
1.9316423
1.9371918
1.9428794
1.9486668
1.9545147
1.9603835
1.9662335
1.9720247
1.9777177
1.983273
1.988652
1.9938168
1.9987305
2.0033574
2.007663
2.0116144
2.0151805
2.0183317
2.0210408
2.0232822
2.025033
2.0262724
2.0269819
2.0271457
2.0267506
2.0257859
2.0242437
2.0221186
2.0194081
2.0161124
2.0122344
2.0077796
2.0027562
1.9971751
1.9910494
1.9843951
1.9772303
1.9695753
1.9614527
1.952887
1.9439049
1.9345346
1.9248059
1.9147503
1.9044004
1.8937902
1.8829546
1.8719291
1.8607501
1.8494546
1.8380796
1.8266623
1.8152402
1.8038501
1.7925287
1.7813122
1.7702359
1.7593344
1.7486412
1.7381887
1.7280079
1.7181285
1.7085785
1.6993844
1.6905708
1.6821605
1.6741743
1.666631
1.6595472
1.6529373
1.6468138
1.6411865
1.6360633
1.6314495
1.6273483
1.6237604
1.6206845
1.6181167
1.6160511
1.6144794
1.6133913
1.6127743
1.612614
1.6128939
1.6135957
1.6146992
1.6161828
1.6180228
1.6201945
1.6226716
1.6254264
1.6284302
1.6316534
1.635065
1.6386338
1.6423275
1.6461134
1.6499583
1.6538289
1.6576916
1.6615126
1.6652584
1.6688956
1.6723912
1.6757123
1.678827
1.6817037
1.6843117
1.6866209
1.6886023
1.690228
1.691471
1.6923056
1.6927073
1.6926528
1.6921203
1.6910894
1.689541
1.6874578
1.6848238
1.6816246
1.6778475
1.6734811
1.6685161
1.6629444
1.6567597
1.6499573
1.6425341
1.6344885
1.6258205
1.6165318
1.6066253
1.5961057
1.5849789
1.5732522
1.5609343
1.5480353
1.5345663
1.5205398
1.5059693
1.4908694
1.4752558
1.4591449
1.4425543
1.4255021
1.4080074
1.39009
1.37177
1.3530683
1.3340064
1.3146058
1.2948889
1.2748778
1.2545953
1.2340642
1.2133073
1.1923476
1.171208
1.1499113
1.1284803
1.1069374
1.0853051
1.0636054
1.0418599
1.0200901
0.998317
0.97656106
0.95484237
0.93318049
0.91159445
0.8901027
0.86872313
0.847473
0.82636895
0.80542697
0.78466238
0.76408984
0.74372332
0.72357608
0.70366071
0.68398907
0.66457233
0.64542095
0.62654467
0.60795257
0.58965299
0.57165362
0.55396144
0.53658279
0.51952332
0.50278806
0.4863814
0.47030711
0.45456836
0.43916774
0.42410727
0.4093884
0.39501209
0.38097876
0.36728833
0.35394027
0.34093359
0.32826685
0.31593824
0.30394551
0.29228608
0.280957
0.269955
0.25927648
0.24891759
0.23887419
0.22914187
0.21971604
0.21059186
0.20176431
0.1932282
0.18497817
0.17700875
0.16931431
0.16188914
0.15472742
0.14782328
0.14117076
0.13476386
0.12859655
0.12266277
0.11695647
0.11147156
0.10620201
0.10114177
0.096284844
0.091625268
0.087157127
0.082874564
0.078771784
0.074843063
0.071082751
0.067485284
0.064045181
0.060757057
0.057615619
0.054615677
0.051752144
0.049020039
0.046414488
0.043930731
0.041564119
0.039310117
0.037164306
0.035122384
0.033180164
0.031333576
0.029578667
0.027911602
0.026328661
0.024826237
0.023400841
0.022049095
0.020767733
0.019553601
0.018403652
0.017314947
0.016284654
0.015310041
0.01438848
0.013517442
0.012694494
0.011917299
0.011183613
0.010491281
0.0098382364
0.0092224993
0.0086421717
0.0080954368
0.0075805563
0.0070958678
0.0066397823
0.0062107822
0.0058074188
0.0054283096
0.0050721366
0.0047376434
0.0044236333
0.0041289673
0.0038525614
0.0035933847
0.0033504574
0.0031228489
0.0029096753
0.002710098
0.0025233216
0.0023485919
0.0021851943
0.0020324522
0.001889725
0.0017564066
0.0016319239
0.0015157353
0.0014073289
0.0013062215
0.0012119572
0.0011241056
0.0010422611
0.00096604139
0.00089508629
0.00082905672
0.00076763351
0.00071051646
0.00065742328
0.00060808868
0.00056226343
0.00051971353
0.00048021933
0.00044357481
0.00040958675
0.00037807406
0.00034886709
0.00032180696
0.00029674494
0.0002735419
0.0002520677
0.00023220069
0.0002138272
0.00019684105
0.00018114312
0.00016664092
0.00015324814
0.00014088433
0.0001294745
0.00011894879
0.00010924214
0.00010029399
9.2047985e-05
8.445172e-05
7.7456467e-05
7.1016946e-05
6.5091093e-05
5.9639851e-05
5.4626966e-05
5.0018803e-05
4.578417e-05
4.1894148e-05
3.832194e-05
3.5042723e-05
3.2033514e-05
2.927304e-05
2.674162e-05
2.4421052e-05
2.229451e-05
2.0346445e-05
1.8562492e-05
1.6929391e-05
1.5434899e-05
1.4067722e-05
1.2817445e-05
1.1674463e-05
1.0629926e-05
9.6756831e-06
8.8042258e-06
8.0086438e-06
7.2825784e-06
6.6201811e-06
6.0160743e-06
5.4653156e-06
4.9633643e-06
4.5060502e-06
4.0895449e-06
3.710335e-06
3.3651975e-06
3.0511771e-06
2.7655645e-06
2.5058773e-06
2.2698415e-06
2.0553752e-06
1.8605727e-06
1.6836904e-06
1.5231336e-06
1.3774442e-06
1.2452897e-06
1.1254527e-06
1.0168213e-06
9.1838066e-07
8.2920437e-07
7.4844743e-07
6.7533925e-07
6.0917735e-07
5.4932158e-07
4.9518882e-07
4.4624807e-07
4.0201598e-07
3.6205273e-07
3.2595825e-07
2.9336875e-07
2.6395357e-07
2.3741226e-07
2.1347191e-07
1.9188473e-07
1.7242582e-07
1.5489109e-07
1.3909545e-07
1.2487108e-07
1.1206586e-07
1.0054198e-07
9.0174595e-08
8.0850698e-08
7.246799e-08
6.4933919e-08
5.8164774e-08
5.2084872e-08
4.6625807e-08
4.1725773e-08
3.7328952e-08
3.3384943e-08
2.984826e-08
2.667786e-08
2.3836728e-08
2.129149e-08
1.9012065e-08
1.6971353e-08
1.5144942e-08
1.3510855e-08
1.204931e-08
1.074251e-08
9.5744453e-09
8.5307232e-09
7.5984063e-09
6.7658706e-09
6.0226752e-09
5.3594454e-09
4.7677665e-09
4.2400884e-09
3.7696385e-09
3.3503443e-09
2.9767624e-09
2.6440154e-09
2.3477342e-09
2.0840066e-09
1.8493305e-09
1.6405721e-09
1.4549281e-09
1.2898916e-09
1.1432216e-09
1.0129156e-09
8.971845e-10
7.9443068e-10
7.0322784e-10
6.2230311e-10
5.5052091e-10
4.8686848e-10
4.304429e-10
3.8043947e-10
3.3614121e-10
2.9690956e-10
2.6217599e-10
