0	0.2	0.2
1	0.20021917808219178	0.2144348817247463
2	0.20043835616438357	0.19746741544037671
3	0.20065753424657534	0.18739639515714496
4	0.20087671232876714	0.21217253822527915
5	0.2010958904109589	0.20470719883595576
6	0.2013150684931507	0.2832008865466176
7	0.20153424657534247	0.20298281708988072
8	0.20175342465753426	0.16648022205336116
9	0.20197260273972603	0.21727663166429234
10	0.20219178082191783	0.19228631115973388
11	0.2024109589041096	0.2331513990399634
12	0.2026301369863014	0.2560510741315988
13	0.20284931506849316	0.16355810613450322
14	0.20306849315068495	0.19943602206326008
15	0.20328767123287672	0.18092398280084065
16	0.20350684931506852	0.18395758712624175
17	0.20372602739726028	0.27314975526284413
18	0.20394520547945205	0.226173745078822
19	0.20416438356164385	0.2211566005254918
20	0.20438356164383562	0.2635471570239695
21	0.2046027397260274	0.27167741189271877
22	0.20482191780821918	0.2604162465224508
23	0.20504109589041097	0.21495022249427553
24	0.20526027397260274	0.19752328155082002
25	0.20547945205479454	0.22787799792914282
26	0.2056986301369863	0.2863269722142436
27	0.2059178082191781	0.14421014590917908
28	0.20613698630136987	0.28824489358151073
29	0.20635616438356166	0.22123977144353651
30	0.20657534246575343	0.13243865847316622
31	0.20679452054794523	0.15785946545993462
32	0.207013698630137	0.2905635508874699
33	0.2072328767123288	0.1792235423519708
34	0.20745205479452056	0.2936332510770343
35	0.20767123287671235	0.16689816828407522
36	0.20789041095890412	0.15790249603237744
37	0.2081095890410959	0.1153062875021584
38	0.20832876712328768	0.2007743921647438
39	0.20854794520547945	0.24288367786140896
40	0.20876712328767125	0.2147699623557086
41	0.20898630136986301	0.22593050333505507
42	0.2092054794520548	0.16547690045339128
43	0.20942465753424658	0.21395085899638397
44	0.20964383561643837	0.21419080596219056
45	0.20986301369863014	0.11429733378708741
46	0.21008219178082194	0.20680282493858093
47	0.2103013698630137	0.13310304961983577
48	0.2105205479452055	0.1938622273654969
49	0.21073972602739727	0.12313298358147957
50	0.21095890410958906	0.16852953963761774
51	0.21117808219178083	0.2168263729078596
52	0.21139726027397263	0.14832395413551644
53	0.2116164383561644	0.19460219992131655
54	0.2118356164383562	0.17622933447179212
55	0.21205479452054796	0.27498614772650776
56	0.21227397260273972	0.2317426803813105
57	0.21249315068493152	0.1717317195471897
58	0.2127123287671233	0.29828279911229794
59	0.21293150684931508	0.29892248616013684
60	0.21315068493150685	0.28206426743350554
61	0.21336986301369865	0.19183310431883338
62	0.21358904109589041	0.19281543244845956
63	0.2138082191780822	0.25446742956121743
64	0.21402739726027398	0.20489504701058378
65	0.21424657534246577	0.23962076818670552
66	0.21446575342465754	0.25349826586778096
67	0.21468493150684934	0.21683196774886626
68	0.2149041095890411	0.24857797481188432
69	0.2151232876712329	0.21434920478351993
70	0.21534246575342467	0.22189911616017527
71	0.21556164383561643	0.10031030495533029
72	0.21578082191780823	0.16881284640939395
73	0.21600000000000003	0.316059331051344
74	0.2162191780821918	0.21733883937490306
75	0.21643835616438356	0.21513641537942907
76	0.21665753424657536	0.17268198015513628
77	0.21687671232876712	0.269113419944086
78	0.21709589041095892	0.20645468830051156
79	0.2173150684931507	0.17102014500489388
80	0.21753424657534248	0.2406307510974866
81	0.21775342465753425	0.15324249718743124
82	0.21797260273972605	0.2502131392327429
83	0.2181917808219178	0.20121808767028476
84	0.2184109589041096	0.2641100778076225
85	0.21863013698630138	0.16827097275841602
86	0.21884931506849317	0.2574125720319843
87	0.21906849315068494	0.2626442651830242
88	0.21928767123287674	0.2179879281710721
89	0.2195068493150685	0.26539805965274477
90	0.21972602739726027	0.27263520149882775
91	0.21994520547945207	0.27389191968892096
92	0.22016438356164386	0.20625383991295193
93	0.22038356164383563	0.16234484788300052
94	0.2206027397260274	0.18598144076409673
95	0.2208219178082192	0.22309248194170667
96	0.221041095890411	0.16868201059656598
97	0.22126027397260276	0.21550034793682318
98	0.22147945205479452	0.21491723320073786
99	0.22169863013698632	0.13981606798549556
100	0.2219178082191781	0.20929955126975158
101	0.22213698630136988	0.2693753648376849
102	0.22235616438356165	0.2487743694493732
103	0.22257534246575345	0.2408821697908874
104	0.2227945205479452	0.16201383391849178
105	0.223013698630137	0.14534018272723487
106	0.22323287671232878	0.1918959372541072
107	0.22345205479452057	0.24416079778134314
108	0.22367123287671234	0.18490086334168654
109	0.2238904109589041	0.3059891418217768
110	0.2241095890410959	0.30097404426420393
111	0.2243287671232877	0.19142550766125987
112	0.22454794520547947	0.15931771199058425
113	0.22476712328767123	0.26291389452812186
114	0.22498630136986303	0.13332565296326243
115	0.22520547945205482	0.22639995102352808
116	0.2254246575342466	0.2601538858456917
117	0.22564383561643836	0.19574543495646074
118	0.22586301369863016	0.18475265741710994
119	0.22608219178082192	0.22089003429007534
120	0.22630136986301372	0.2737722357243488
121	0.22652054794520549	0.2023300474599818
122	0.22673972602739728	0.13947569541501031
123	0.22695890410958905	0.24249709136132402
124	0.22717808219178084	0.23994520605363284
125	0.2273972602739726	0.3066410317652787
126	0.2276164383561644	0.16906934457521633
127	0.22783561643835618	0.2301368401386839
128	0.22805479452054794	0.22878296387163827
129	0.22827397260273974	0.2225423104328134
130	0.22849315068493153	0.2141392698885689
131	0.2287123287671233	0.28716550064487856
132	0.22893150684931507	0.25975277473828795
133	0.22915068493150687	0.209416848144289
134	0.22936986301369866	0.22990616031662842
135	0.22958904109589043	0.23178202755174462
136	0.2298082191780822	0.21195554117273688
137	0.230027397260274	0.24386443506638855
138	0.23024657534246576	0.1989436336951164
139	0.23046575342465755	0.23877073559592032
140	0.23068493150684932	0.19978457937997215
141	0.23090410958904112	0.21314175091680443
142	0.23112328767123289	0.2916514794892793
143	0.23134246575342468	0.23625499443987588
144	0.23156164383561645	0.2948984362001701
145	0.23178082191780824	0.27861804115563754
146	0.232	0.23173575278362876
147	0.23221917808219178	0.25672043140852574
148	0.23243835616438357	0.2534693819913343
149	0.23265753424657537	0.22320020099323723
150	0.23287671232876714	0.2224712542923657
151	0.2330958904109589	0.18409454229490219
152	0.2333150684931507	0.26285229798985577
153	0.23353424657534247	0.20591234341833672
154	0.23375342465753426	0.12563186389874825
155	0.23397260273972603	0.2320131238032026
156	0.23419178082191783	0.2640817361637972
157	0.2344109589041096	0.20770416302327843
158	0.2346301369863014	0.25661627520758334
159	0.23484931506849316	0.2506866297328847
160	0.23506849315068495	0.15447482997434436
161	0.23528767123287672	0.28815941784646326
162	0.23550684931506852	0.33794804715075627
163	0.23572602739726028	0.27274841520665805
164	0.23594520547945208	0.29450446692338494
165	0.23616438356164385	0.23020643792208434
166	0.23638356164383562	0.23668401302216374
167	0.2366027397260274	0.18205077276679354
168	0.2368219178082192	0.15843367756244423
169	0.23704109589041097	0.3255573658940769
170	0.23726027397260274	0.21355410338425723
171	0.23747945205479454	0.20184081830607964
172	0.2376986301369863	0.19209494589999432
173	0.2379178082191781	0.31006846168996904
174	0.23813698630136987	0.18822064849437725
175	0.23835616438356166	0.2240884700783646
176	0.23857534246575343	0.1886016575409408
177	0.23879452054794523	0.3044768872934525
178	0.239013698630137	0.296295300943775
179	0.2392328767123288	0.2828050155564991
180	0.23945205479452056	0.2253117459990311
181	0.23967123287671235	0.24381913290009127
182	0.23989041095890412	0.20737412440905129
183	0.24010958904109592	0.2421843714311219
184	0.24032876712328768	0.195005915998258
185	0.24054794520547945	0.24288247346600278
186	0.24076712328767125	0.06335069900758811
187	0.24098630136986304	0.20813972466738415
188	0.2412054794520548	0.28797289225562067
189	0.24142465753424658	0.1668051041176435
190	0.24164383561643837	0.2170896117030079
191	0.24186301369863014	0.1458652565750378
192	0.24208219178082194	0.2669119738759872
193	0.2423013698630137	0.25263884535884595
194	0.2425205479452055	0.3270534417621515
195	0.24273972602739727	0.3566643729021973
196	0.24295890410958906	0.2618247596709625
197	0.24317808219178083	0.18151224187606252
198	0.24339726027397263	0.2419488264540781
199	0.2436164383561644	0.14495619154649114
200	0.24383561643835616	0.2324174283014521
201	0.24405479452054796	0.3114971544443469
202	0.24427397260273975	0.3078285494081825
203	0.24449315068493152	0.3245350270885443
204	0.2447123287671233	0.2993459966293817
205	0.24493150684931508	0.24701389931017603
206	0.24515068493150688	0.29009777749827986
207	0.24536986301369865	0.24810128927065755
208	0.24558904109589041	0.2728432493727812
209	0.2458082191780822	0.2256989407975714
210	0.24602739726027398	0.24284902763691954
211	0.24624657534246577	0.18880455283164338
212	0.24646575342465754	0.1892571429050618
213	0.24668493150684934	0.259485820513878
214	0.2469041095890411	0.3113926947241162
215	0.2471232876712329	0.2405544417196577
216	0.24734246575342467	0.20682723950131665
217	0.24756164383561646	0.21449560987836147
218	0.24778082191780823	0.2698167180279731
219	0.248	0.2603479384310648
220	0.2482191780821918	0.24430979118799262
221	0.2484383561643836	0.22484868717487502
222	0.24865753424657536	0.299611729084041
223	0.24887671232876712	0.19966553806368065
224	0.24909589041095892	0.271297826482854
225	0.2493150684931507	0.20072241362539447
226	0.24953424657534248	0.20178767722269925
227	0.24975342465753425	0.25433806616525245
228	0.24997260273972605	0.21125876186731157
229	0.25019178082191784	0.16609655791141942
230	0.2504109589041096	0.21855760326460077
231	0.2506301369863014	0.2336410481663329
232	0.2508493150684932	0.19828483831163435
233	0.25106849315068497	0.15206137488950972
234	0.2512876712328767	0.3156030886846838
235	0.2515068493150685	0.27821648250202735
236	0.2517260273972603	0.17721243002003328
237	0.2519452054794521	0.19744229179015274
238	0.25216438356164383	0.2605109072367264
239	0.25238356164383563	0.34388193647195114
240	0.2526027397260274	0.26156346887406773
241	0.25282191780821917	0.25918834028387266
242	0.25304109589041096	0.2755310480133317
243	0.25326027397260276	0.33234786930548355
244	0.25347945205479455	0.33954376392585317
245	0.25369863013698635	0.25789215079508865
246	0.2539178082191781	0.23106547815650966
247	0.2541369863013699	0.2982418923222299
248	0.2543561643835617	0.24305541245908835
249	0.2545753424657534	0.23631276081392663
250	0.2547945205479452	0.2719712119315162
251	0.255013698630137	0.27509964547728966
252	0.2552328767123288	0.3053297164291756
253	0.25545205479452054	0.21066559049600847
254	0.25567123287671234	0.24630176716346985
255	0.25589041095890414	0.33748083864275624
256	0.25610958904109593	0.29312585652335515
257	0.25632876712328767	0.24860468874877195
258	0.25654794520547947	0.20933892495978673
259	0.25676712328767126	0.22301933407369684
260	0.256986301369863	0.3449207496878466
261	0.2572054794520548	0.26805202967449115
262	0.2574246575342466	0.2323277548849776
263	0.2576438356164384	0.357767233860778
264	0.2578630136986302	0.35011006288584934
265	0.2580821917808219	0.2950032263095431
266	0.2583013698630137	0.19662034551616586
267	0.2585205479452055	0.32063013134602325
268	0.25873972602739725	0.28236573607242216
269	0.25895890410958905	0.22758108624124238
270	0.25917808219178085	0.31222201463583166
271	0.25939726027397264	0.29346142885770643
272	0.2596164383561644	0.207653986429437
273	0.2598356164383562	0.2648058535919245
274	0.26005479452054797	0.22363656840244917
275	0.26027397260273977	0.14030443270927329
276	0.2604931506849315	0.30992483332404835
277	0.2607123287671233	0.31197795323888705
278	0.2609315068493151	0.27995236705375265
279	0.26115068493150684	0.34947430877302554
280	0.26136986301369863	0.2656821475916896
281	0.26158904109589043	0.2485249810175311
282	0.2618082191780822	0.32654294626043073
283	0.262027397260274	0.2507385064516285
284	0.26224657534246576	0.2939348993477689
285	0.26246575342465756	0.29312691320373646
286	0.26268493150684935	0.17865793958665427
287	0.2629041095890411	0.31043962774630013
288	0.2631232876712329	0.2364354826165428
289	0.2633424657534247	0.23989228573867358
290	0.2635616438356165	0.31972773882607053
291	0.2637808219178082	0.14521383382402328
292	0.264	0.32729038256116716
293	0.2642191780821918	0.27120421879007434
294	0.2644383561643836	0.30778632311478915
295	0.26465753424657534	0.18467877880624195
296	0.26487671232876714	0.373073712161485
297	0.26509589041095893	0.20932098383237902
298	0.2653150684931507	0.3419713790740996
299	0.26553424657534247	0.2938841347585176
300	0.26575342465753427	0.2740897794503861
301	0.26597260273972606	0.3365661995428859
302	0.26619178082191786	0.3068138499267732
303	0.2664109589041096	0.2486929896005327
304	0.2666301369863014	0.23493736437723975
305	0.2668493150684932	0.2709044434606429
306	0.2670684931506849	0.26439805463005966
307	0.2672876712328767	0.3080849802652183
308	0.2675068493150685	0.35811014740134317
309	0.26772602739726026	0.20909794124290787
310	0.26794520547945205	0.4030414543574087
311	0.26816438356164385	0.14538406456587927
312	0.26838356164383564	0.30611154221606046
313	0.26860273972602744	0.3430069585445849
314	0.2688219178082192	0.2584892175470851
315	0.269041095890411	0.2225623286144302
316	0.26926027397260277	0.26072680004757764
317	0.2694794520547945	0.2645881650861918
318	0.2696986301369863	0.1886853485571675
319	0.2699178082191781	0.29462554117212625
320	0.2701369863013699	0.3132136568449642
321	0.2703561643835617	0.2405950031664353
322	0.27057534246575343	0.28673282437992337
323	0.2707945205479452	0.23645226173588402
324	0.271013698630137	0.25956942484949236
325	0.27123287671232876	0.3189932307698384
326	0.27145205479452056	0.25702813016178355
327	0.27167123287671235	0.20398710142117327
328	0.2718904109589041	0.26839635694258807
329	0.2721095890410959	0.24616935991287534
330	0.2723287671232877	0.27050098682859847
331	0.2725479452054795	0.32509622851632247
332	0.2727671232876713	0.27573654742702874
333	0.272986301369863	0.3407219998829645
334	0.2732054794520548	0.23228412085297404
335	0.2734246575342466	0.28117380465860053
336	0.27364383561643835	0.35223201845130814
337	0.27386301369863014	0.2741970079389108
338	0.27408219178082194	0.2641756557144052
339	0.27430136986301373	0.1709050213976235
340	0.27452054794520553	0.29775483950402726
341	0.27473972602739727	0.24888898697091474
342	0.27495890410958906	0.27942640763677423
343	0.27517808219178086	0.30229115238677173
344	0.2753972602739726	0.3062863123088361
345	0.2756164383561644	0.2528815929269352
346	0.2758356164383562	0.2264578022703334
347	0.27605479452054793	0.26984679366392733
348	0.2762739726027397	0.35311389412807376
349	0.2764931506849315	0.32025533197766226
350	0.2767123287671233	0.2994425566319887
351	0.2769315068493151	0.2791874744270868
352	0.27715068493150685	0.267441474286555
353	0.27736986301369865	0.3838596177584974
354	0.27758904109589044	0.3432715168118372
355	0.2778082191780822	0.2742238784395191
356	0.278027397260274	0.3161621367655879
357	0.2782465753424658	0.22038903400626608
358	0.27846575342465757	0.3321224425871917
359	0.27868493150684936	0.253209291787334
360	0.2789041095890411	0.2938841074166228
361	0.2791232876712329	0.28312677822678933
362	0.2793424657534247	0.3116113726319004
363	0.27956164383561644	0.21438368403281902
364	0.27978082191780823	0.3021982362758142
365	0.28	0.29941690792047887
366	0.28021917808219177	0.19486336498164225
367	0.28043835616438356	0.2851580969444111
368	0.28065753424657536	0.30856491014641113
369	0.28087671232876715	0.2503051140756491
370	0.28109589041095895	0.268022786656975
371	0.2813150684931507	0.27374474265762405
372	0.2815342465753425	0.23996881246904017
373	0.2817534246575343	0.15821503048193217
374	0.281972602739726	0.3408984932795982
375	0.2821917808219178	0.27707690246489075
376	0.2824109589041096	0.2358647310897127
377	0.2826301369863014	0.34157950199768683
378	0.28284931506849315	0.3062373605764762
379	0.28306849315068494	0.24177469064630364
380	0.28328767123287674	0.23667725897137568
381	0.28350684931506853	0.23814560314706054
382	0.28372602739726027	0.2975901297873664
383	0.28394520547945207	0.3003517793998287
384	0.28416438356164386	0.368778582390096
385	0.2843835616438356	0.20689407775043392
386	0.2846027397260274	0.2774904810195622
387	0.2848219178082192	0.3373485997818542
388	0.285041095890411	0.29118214369339385
389	0.2852602739726028	0.2888109908108181
390	0.2854794520547945	0.3338705753158557
391	0.2856986301369863	0.3055924318000401
392	0.2859178082191781	0.3344098920938853
393	0.28613698630136986	0.28189421249986496
394	0.28635616438356165	0.22341955481031617
395	0.28657534246575345	0.269708274725204
396	0.28679452054794524	0.28173288355245263
397	0.287013698630137	0.22148770643225435
398	0.2872328767123288	0.2850990244063289
399	0.2874520547945206	0.2997254856608477
400	0.28767123287671237	0.2802333787423335
401	0.2878904109589041	0.30031040564401945
402	0.2881095890410959	0.3965283482787435
403	0.2883287671232877	0.3399285750757056
404	0.28854794520547944	0.3204600588252723
405	0.28876712328767123	0.25479802974020943
406	0.28898630136986303	0.2639832454871691
407	0.2892054794520548	0.2681301507270067
408	0.2894246575342466	0.2946641762791541
409	0.28964383561643836	0.3413685105422629
410	0.28986301369863016	0.3611010253640792
411	0.29008219178082195	0.21658479550126208
412	0.2903013698630137	0.29692088549643325
413	0.2905205479452055	0.3042730347437067
414	0.2907397260273973	0.2263583843877672
415	0.2909589041095891	0.20719087938946112
416	0.2911780821917808	0.3200783520679061
417	0.2913972602739726	0.3881592740372687
418	0.2916164383561644	0.26240723291708123
419	0.2918356164383562	0.29056674711381375
420	0.29205479452054794	0.31129295914173866
421	0.29227397260273974	0.2755891073732902
422	0.29249315068493154	0.315148223324844
423	0.2927123287671233	0.2476225367806133
424	0.29293150684931507	0.29561313474656353
425	0.29315068493150687	0.2258051129387753
426	0.29336986301369866	0.22183778540567312
427	0.29358904109589046	0.23045505624171803
428	0.2938082191780822	0.3844149387188456
429	0.294027397260274	0.25410648093778043
430	0.2942465753424658	0.28046138154454087
431	0.29446575342465753	0.33787827265402437
432	0.2946849315068493	0.24293547495110174
433	0.2949041095890411	0.29761414748153836
434	0.2951232876712329	0.31387470964590614
435	0.29534246575342465	0.3353245679584399
436	0.29556164383561645	0.32837757679550034
437	0.29578082191780825	0.37189787297913923
438	0.29600000000000004	0.2521782392417953
439	0.2962191780821918	0.24086760022466158
440	0.2964383561643836	0.332753077432868
441	0.29665753424657537	0.2849865375644489
442	0.2968767123287671	0.27265485639173936
443	0.2970958904109589	0.4072199978566369
444	0.2973150684931507	0.28948582828084163
445	0.2975342465753425	0.3050105832636733
446	0.2977534246575343	0.25732205652483076
447	0.29797260273972603	0.36071259106633846
448	0.29819178082191783	0.2769513881081393
449	0.2984109589041096	0.3181272390716442
450	0.29863013698630136	0.24287747066942783
451	0.29884931506849316	0.33039435081685875
452	0.29906849315068496	0.29098673114317636
453	0.29928767123287675	0.26970495073293116
454	0.2995068493150685	0.32847120356678305
455	0.2997260273972603	0.32060151415929905
456	0.2999452054794521	0.28739652973980434
457	0.3001643835616439	0.36965771666626673
458	0.3003835616438356	0.2806564618690266
459	0.3006027397260274	0.22704760770467963
460	0.3008219178082192	0.3860555767354812
461	0.30104109589041095	0.22716843497742445
462	0.30126027397260274	0.23265516946429154
463	0.30147945205479454	0.2788783544145498
464	0.30169863013698633	0.3639227562510569
465	0.30191780821917813	0.3575848045326573
466	0.30213698630136987	0.32173162361584023
467	0.30235616438356167	0.2955104098507479
468	0.30257534246575346	0.34891849166713884
469	0.3027945205479452	0.2897555368656485
470	0.303013698630137	0.3303511373051279
471	0.3032328767123288	0.3890591781982444
472	0.3034520547945206	0.3828082416786227
473	0.3036712328767124	0.3009941494210544
474	0.3038904109589041	0.22141468762926947
475	0.3041095890410959	0.2824729711557633
476	0.3043287671232877	0.3071045893969573
477	0.30454794520547945	0.29540883271697604
478	0.30476712328767125	0.3223519424282538
479	0.30498630136986304	0.2870972682314039
480	0.3052054794520548	0.275684176031002
481	0.3054246575342466	0.31099460315735467
482	0.3056438356164384	0.4241878167337868
483	0.30586301369863017	0.3397254426160135
484	0.30608219178082197	0.338371767130967
485	0.3063013698630137	0.34597837719797325
486	0.3065205479452055	0.33894841539640647
487	0.3067397260273973	0.25098406551079927
488	0.30695890410958904	0.3396637358340399
489	0.30717808219178083	0.30927412552850586
490	0.30739726027397263	0.31684369939841206
491	0.3076164383561644	0.3857780674380284
492	0.3078356164383562	0.3260941318206466
493	0.30805479452054796	0.3106893616038084
494	0.30827397260273975	0.31005226187605406
495	0.30849315068493155	0.34212845918392737
496	0.3087123287671233	0.3291918341079683
497	0.3089315068493151	0.3376677357681469
498	0.3091506849315069	0.349164718621095
499	0.3093698630136986	0.2932895012734981
500	0.3095890410958904	0.3797637810174677
501	0.3098082191780822	0.22748291488228967
502	0.310027397260274	0.28199645193539724
503	0.3102465753424658	0.28257409564875147
504	0.31046575342465754	0.40996188329756655
505	0.31068493150684934	0.34461470835930497
506	0.31090410958904113	0.3197979750768015
507	0.3111232876712329	0.26496747968843015
508	0.31134246575342467	0.24947270485551945
509	0.31156164383561646	0.2946279349419774
510	0.31178082191780826	0.31138290771030225
511	0.31200000000000006	0.39540477874841123
512	0.3122191780821918	0.3004798601603703
513	0.3124383561643836	0.27803439682315834
514	0.3126575342465754	0.2554316481118005
515	0.3128767123287671	0.22458083075069354
516	0.3130958904109589	0.37452889559572744
517	0.3133150684931507	0.2382451294463725
518	0.31353424657534246	0.31237460841086206
519	0.31375342465753425	0.30757737724453155
520	0.31397260273972605	0.3655887279067243
521	0.31419178082191784	0.3128628850556232
522	0.31441095890410964	0.27991622366159985
523	0.3146301369863014	0.3114682869160893
524	0.3148493150684932	0.22786904214698694
525	0.31506849315068497	0.2576565224145832
526	0.3152876712328767	0.34757520906373846
527	0.3155068493150685	0.30280483516013684
528	0.3157260273972603	0.3425973525688642
529	0.3159452054794521	0.3093075965025559
530	0.31616438356164384	0.282956733855162
531	0.31638356164383563	0.34576399409007247
532	0.3166027397260274	0.21738861835927345
533	0.3168219178082192	0.29850721602388003
534	0.31704109589041096	0.23430610408738667
535	0.31726027397260276	0.27400396628837864
536	0.31747945205479455	0.2127201473209414
537	0.3176986301369863	0.35244012489180493
538	0.3179178082191781	0.4404722223139209
539	0.3181369863013699	0.3010344652720287
540	0.3183561643835617	0.3847630307593991
541	0.3185753424657535	0.29501650888088565
542	0.3187945205479452	0.31165647150144815
543	0.319013698630137	0.3834226510445121
544	0.3192328767123288	0.4288567100642917
545	0.31945205479452055	0.37654835094905104
546	0.31967123287671234	0.39791852549263246
547	0.31989041095890414	0.24541877779619825
548	0.32010958904109593	0.3455424594757508
549	0.32032876712328767	0.31491780959493954
550	0.32054794520547947	0.28901435325050506
551	0.32076712328767126	0.32146498731625156
552	0.32098630136986306	0.3190152118027887
553	0.3212054794520548	0.2690753887369682
554	0.3214246575342466	0.2669840311935761
555	0.3216438356164384	0.3619733807775518
556	0.32186301369863013	0.2710819204704368
557	0.3220821917808219	0.3709663495798512
558	0.3223013698630137	0.31209466258196106
559	0.3225205479452055	0.25627015226552924
560	0.3227397260273973	0.2597211540846235
561	0.32295890410958905	0.3927901761550718
562	0.32317808219178085	0.3522001119035378
563	0.32339726027397264	0.2566607273319035
564	0.3236164383561644	0.2957408319948964
565	0.3238356164383562	0.2953750178654808
566	0.324054794520548	0.2549105244873049
567	0.32427397260273977	0.33335096385513097
568	0.3244931506849315	0.3338919589170827
569	0.3247123287671233	0.3850837885990404
570	0.3249315068493151	0.3120365458195912
571	0.3251506849315069	0.2617698790271259
572	0.32536986301369863	0.2289711295687391
573	0.32558904109589043	0.3178316245919285
574	0.3258082191780822	0.35125904919684425
575	0.32602739726027397	0.2892056833154869
576	0.32624657534246576	0.32318341415677887
577	0.32646575342465756	0.3552536100642704
578	0.3266849315068493	0.2803048448832647
579	0.32690410958904115	0.28260694641934914
580	0.3271232876712329	0.33201505223172517
581	0.3273424657534246	0.33267583747683255
582	0.3275616438356165	0.29249420949651567
583	0.3277808219178082	0.2966243934879643
584	0.328	0.3481587316786246
585	0.3282191780821918	0.3162971544210137
586	0.32843835616438355	0.3161373131203282
587	0.32865753424657534	0.32022791762352004
588	0.32887671232876714	0.22821342756908214
589	0.3290958904109589	0.3130700842842089
590	0.32931506849315073	0.40150391246334005
591	0.32953424657534247	0.3993951185241166
592	0.32975342465753427	0.29017583895048804
593	0.32997260273972606	0.37489594464112797
594	0.3301917808219178	0.3415741412636382
595	0.3304109589041096	0.4228904641173365
596	0.3306301369863014	0.30074214669337734
597	0.33084931506849313	0.3638216004218777
598	0.331068493150685	0.31840606552644796
599	0.3312876712328767	0.26788191466099787
600	0.33150684931506846	0.3502267519958164
601	0.3317260273972603	0.2701847227783495
602	0.33194520547945205	0.30334799167064075
603	0.33216438356164385	0.2975245395534791
604	0.33238356164383565	0.2875533279945627
605	0.3326027397260274	0.4219906777784176
606	0.3328219178082192	0.36608403489677294
607	0.333041095890411	0.4139226083118564
608	0.3332602739726027	0.32858047751312686
609	0.33347945205479457	0.32610722815149434
610	0.3336986301369863	0.2222601306827171
611	0.3339178082191781	0.33415425507214824
612	0.3341369863013699	0.4247667678490505
613	0.33435616438356164	0.3426072644526877
614	0.33457534246575343	0.3372730840914271
615	0.33479452054794523	0.2932813390345668
616	0.33501369863013697	0.3905224730337449
617	0.3352328767123288	0.41889962236373174
618	0.33545205479452056	0.3326764946079488
619	0.3356712328767123	0.3788162378075443
620	0.33589041095890415	0.4304549787721403
621	0.3361095890410959	0.3621522902449605
622	0.3363287671232877	0.29890185039997286
623	0.3365479452054795	0.3257398230414762
624	0.3367671232876712	0.32291024563818577
625	0.336986301369863	0.38729023355357917
626	0.3372054794520548	0.3438495859159142
627	0.33742465753424655	0.4253671708092489
628	0.3376438356164384	0.39428250055904557
629	0.33786301369863014	0.3169959129412211
630	0.33808219178082194	0.3040161732975589
631	0.33830136986301373	0.35797934142713816
632	0.3385205479452055	0.38685460868833316
633	0.33873972602739727	0.32252307850851647
634	0.33895890410958907	0.32233601274489987
635	0.3391780821917808	0.2911141573870307
636	0.33939726027397266	0.2915282827458571
637	0.3396164383561644	0.3301225005459128
638	0.33983561643835614	0.27845963044287037
639	0.340054794520548	0.3805225159024924
640	0.3402739726027397	0.33767547912277684
641	0.3404931506849315	0.38324897981344996
642	0.3407123287671233	0.28695657521655016
643	0.34093150684931506	0.31620758957033357
644	0.34115068493150685	0.30335378721497597
645	0.34136986301369865	0.3774205333869951
646	0.3415890410958904	0.31266323339833085
647	0.34180821917808224	0.3146487716367817
648	0.342027397260274	0.34376872428083455
649	0.3422465753424658	0.4026390626157344
650	0.34246575342465757	0.36943226763835185
651	0.3426849315068493	0.3342474945894221
652	0.3429041095890411	0.4107671288820514
653	0.3431232876712329	0.2778571582219558
654	0.34334246575342464	0.3928638714616069
655	0.3435616438356165	0.35266313368696806
656	0.34378082191780823	0.37243146068348154
657	0.344	0.3414764721816092
658	0.3442191780821918	0.322848496152071
659	0.34443835616438356	0.34586749981945664
660	0.34465753424657536	0.2771016324894499
661	0.34487671232876715	0.36609368274922915
662	0.3450958904109589	0.30299013972003797
663	0.3453150684931507	0.35288667396321577
664	0.3455342465753425	0.32372333757347105
665	0.3457534246575342	0.42697423902268145
666	0.3459726027397261	0.30786541211554747
667	0.3461917808219178	0.3420138992868106
668	0.34641095890410956	0.4063030283490192
669	0.3466301369863014	0.3266637273122828
670	0.34684931506849315	0.40517653260773384
671	0.34706849315068494	0.3483292419955306
672	0.34728767123287674	0.32473185029794194
673	0.3475068493150685	0.3833308262145423
674	0.34772602739726033	0.38169195794384464
675	0.34794520547945207	0.3011642922245361
676	0.3481643835616438	0.2590367443871606
677	0.34838356164383566	0.4107719118497806
678	0.3486027397260274	0.3673980912431856
679	0.3488219178082192	0.414352273140105
680	0.349041095890411	0.3415267374646606
681	0.34926027397260273	0.2947772392866566
682	0.3494794520547945	0.34659985061716986
683	0.3496986301369863	0.2883894743541143
684	0.34991780821917806	0.3628597747015958
685	0.3501369863013699	0.3776807523548196
686	0.35035616438356165	0.35957042737302225
687	0.35057534246575345	0.4083280068980787
688	0.35079452054794524	0.35025930743019257
689	0.351013698630137	0.3250562055833349
690	0.3512328767123288	0.44236680676535683
691	0.3514520547945206	0.3566871768052275
692	0.35167123287671237	0.415137654746538
693	0.3518904109589041	0.37920466097601147
694	0.3521095890410959	0.27207091824453467
695	0.3523287671232877	0.25521331211435067
696	0.3525479452054795	0.36428246978437645
697	0.35276712328767124	0.43170161687632136
698	0.35298630136986303	0.3544951533255384
699	0.3532054794520548	0.35135603862729614
700	0.35342465753424657	0.3701305826664849
701	0.35364383561643836	0.3597955154071246
702	0.35386301369863016	0.3440526004171675
703	0.35408219178082195	0.42690183501533513
704	0.35430136986301375	0.3111575722417254
705	0.3545205479452055	0.3543680319928956
706	0.3547397260273973	0.28508555926366613
707	0.3549589041095891	0.3643291092926281
708	0.3551780821917808	0.28140073652038994
709	0.3553972602739726	0.34020431578125343
710	0.3556164383561644	0.3783981778261398
711	0.3558356164383562	0.4710264326378213
712	0.35605479452054795	0.3648912731927001
713	0.35627397260273974	0.35581516499609
714	0.35649315068493154	0.352475452950162
715	0.35671232876712333	0.343943554123007
716	0.35693150684931507	0.1898244024689026
717	0.35715068493150687	0.4115679627857334
718	0.35736986301369866	0.37075415345191687
719	0.3575890410958904	0.28230178228004077
720	0.3578082191780822	0.40676706843194377
721	0.358027397260274	0.38521761263545884
722	0.3582465753424658	0.4451954892570571
723	0.3584657534246576	0.37293408063656786
724	0.3586849315068493	0.3428191551612789
725	0.3589041095890411	0.24495189406783846
726	0.3591232876712329	0.39163059077656004
727	0.35934246575342466	0.3934419031894343
728	0.35956164383561645	0.3140755575657499
729	0.35978082191780825	0.3862625752117351
730	0.36000000000000004	0.4024267054813783
731	0.3602191780821918	0.41014970423153374
732	0.3604383561643836	0.4067897116615488
733	0.3606575342465754	0.2750201430314373
734	0.36087671232876717	0.3258006681569526
735	0.3610958904109589	0.4132444292485938
736	0.3613150684931507	0.42958255750277446
737	0.3615342465753425	0.3261950450014468
738	0.36175342465753424	0.3614262154281691
739	0.36197260273972603	0.3742690672679784
740	0.36219178082191783	0.3942162623253487
741	0.3624109589041096	0.38463339727732926
742	0.3626301369863014	0.4540569171330433
743	0.36284931506849316	0.39248297067469096
744	0.36306849315068496	0.46497200017397755
745	0.36328767123287675	0.4064480352461146
746	0.3635068493150685	0.37687205954010117
747	0.3637260273972603	0.30903471999013266
748	0.3639452054794521	0.39589051514797713
749	0.3641643835616439	0.4348094918122357
750	0.3643835616438356	0.38059679160556725
751	0.3646027397260274	0.38306491228955686
752	0.3648219178082192	0.31324949756525877
753	0.365041095890411	0.35654296372855376
754	0.36526027397260274	0.4099630972845756
755	0.36547945205479454	0.3649174468166745
756	0.36569863013698634	0.2861063736802314
757	0.3659178082191781	0.4475725907331438
758	0.36613698630136987	0.3826629999013585
759	0.36635616438356167	0.42612506929445
760	0.36657534246575346	0.42838889625913956
761	0.36679452054794526	0.473572857219307
762	0.367013698630137	0.41493842596129943
763	0.3672328767123288	0.3831640683474498
764	0.3674520547945206	0.29805521607864327
765	0.36767123287671233	0.39263130252472145
766	0.3678904109589041	0.3821814774876178
767	0.3681095890410959	0.3935878060306142
768	0.3683287671232877	0.37252654661382867
769	0.36854794520547945	0.3144870821063975
770	0.36876712328767125	0.4159556393069156
771	0.36898630136986305	0.4197206605725226
772	0.36920547945205484	0.38326116288116696
773	0.3694246575342466	0.32211222926135075
774	0.3696438356164384	0.2683553331134009
775	0.36986301369863017	0.3934760708814966
776	0.3700821917808219	0.4308995468894519
777	0.3703013698630137	0.4703415538523782
778	0.3705205479452055	0.34824977782610705
779	0.3707397260273973	0.3793218594382353
780	0.3709589041095891	0.46132094181763894
781	0.37117808219178083	0.39231532076528114
782	0.37139726027397263	0.342891956197691
783	0.3716164383561644	0.42277699997968354
784	0.37183561643835616	0.4686522830715401
785	0.37205479452054796	0.35102647551713845
786	0.37227397260273976	0.4241815075422586
787	0.37249315068493155	0.3242561192651232
788	0.3727123287671233	0.38435647785414156
789	0.3729315068493151	0.3180243876435192
790	0.3731506849315069	0.4037263828574266
791	0.3733698630136987	0.45423292166371987
792	0.3735890410958904	0.3863229761706572
793	0.3738082191780822	0.3135331727508505
794	0.374027397260274	0.3900506656921009
795	0.37424657534246575	0.317418763114368
796	0.37446575342465754	0.4225068429854125
797	0.37468493150684934	0.46075017100368715
798	0.37490410958904113	0.35136101882550946
799	0.37512328767123293	0.4503429071459245
800	0.37534246575342467	0.3331505651901511
801	0.37556164383561647	0.3752799533869349
802	0.37578082191780826	0.3913268637297745
803	0.376	0.4472881602914272
804	0.3762191780821918	0.3704081065525776
805	0.3764383561643836	0.3928088301151815
806	0.37665753424657533	0.37345151414473454
807	0.3768767123287671	0.403341561145966
808	0.3770958904109589	0.373055885653582
809	0.3773150684931507	0.4806699335806667
810	0.3775342465753425	0.37620970244932656
811	0.37775342465753425	0.3664814795993396
812	0.37797260273972605	0.3883355144299898
813	0.37819178082191784	0.3743582043865491
814	0.3784109589041096	0.3236764513297079
815	0.3786301369863014	0.4691351513221774
816	0.3788493150684932	0.38440540250532906
817	0.37906849315068497	0.38495822847741973
818	0.37928767123287677	0.38528889173109887
819	0.3795068493150685	0.39865948647149235
820	0.3797260273972603	0.3400309234262295
821	0.3799452054794521	0.2260473043416049
822	0.38016438356164384	0.3743780307092192
823	0.38038356164383563	0.33063154482364626
824	0.38060273972602743	0.3261107571996391
825	0.38082191780821917	0.400945820189417
826	0.38104109589041096	0.3570405576228628
827	0.38126027397260276	0.4596278971877437
828	0.38147945205479455	0.4629863625428964
829	0.38169863013698635	0.3909700060198278
830	0.3819178082191781	0.4778221750558711
831	0.3821369863013699	0.430005276601757
832	0.3823561643835617	0.3376785706863271
833	0.3825753424657534	0.3616433817001635
834	0.3827945205479452	0.39224744435313647
835	0.383013698630137	0.37076716302367735
836	0.3832328767123288	0.365200744039452
837	0.3834520547945206	0.42384815331490827
838	0.38367123287671234	0.31932784706366923
839	0.38389041095890414	0.4071786636524479
840	0.38410958904109593	0.29535703396471374
841	0.3843287671232877	0.3324109946411941
842	0.38454794520547947	0.3531450853021223
843	0.38476712328767126	0.42681306769606975
844	0.384986301369863	0.33433504510821943
845	0.3852054794520548	0.3945786057629908
846	0.3854246575342466	0.3026557170387343
847	0.3856438356164384	0.3722583023358963
848	0.3858630136986302	0.42341836244124054
849	0.3860821917808219	0.4151518128211566
850	0.3863013698630137	0.4121314640828462
851	0.3865205479452055	0.32139498071249945
852	0.38673972602739726	0.357204324527532
853	0.38695890410958905	0.444508153719254
854	0.38717808219178085	0.37611102728187684
855	0.38739726027397264	0.3497696745066008
856	0.38761643835616444	0.3482411667943702
857	0.3878356164383562	0.4406193562101156
858	0.388054794520548	0.45439155800000847
859	0.38827397260273977	0.3287268514301096
860	0.3884931506849315	0.45738792278107
861	0.3887123287671233	0.3806269795646565
862	0.3889315068493151	0.40750159620121407
863	0.38915068493150684	0.3837259997515232
864	0.38936986301369864	0.35344941511610245
865	0.38958904109589043	0.36675258034081853
866	0.3898082191780822	0.5247290809292228
867	0.390027397260274	0.39419122640517423
868	0.39024657534246576	0.4478307413502845
869	0.39046575342465756	0.40121408635896544
870	0.39068493150684935	0.3983411095785791
871	0.3909041095890411	0.4771211557047099
872	0.3911232876712329	0.43629156893068904
873	0.3913424657534247	0.38634041798810714
874	0.3915616438356165	0.42967054999680104
875	0.3917808219178082	0.3683437838336063
876	0.392	0.40546588650902415
877	0.3922191780821918	0.4271509391602705
878	0.3924383561643836	0.2842150632954931
879	0.39265753424657535	0.38686859070067786
880	0.39287671232876714	0.4545064130891418
881	0.39309589041095894	0.4432886346765757
882	0.3933150684931507	0.3241134702518605
883	0.3935342465753425	0.5031214511807398
884	0.39375342465753427	0.38750336411168196
885	0.39397260273972606	0.34197797889268966
886	0.39419178082191786	0.43205500901834165
887	0.3944109589041096	0.41925267929989674
888	0.3946301369863014	0.4360689913740273
889	0.3948493150684932	0.3974371898727198
890	0.39506849315068493	0.5004744643301852
891	0.3952876712328767	0.3884771422433983
892	0.3955068493150685	0.32302258798149
893	0.3957260273972603	0.36412109383364677
894	0.39594520547945206	0.33950894725820147
895	0.39616438356164385	0.33686588662622696
896	0.39638356164383565	0.405629920603913
897	0.39660273972602744	0.4089756304366985
898	0.3968219178082192	0.32397804034831074
899	0.397041095890411	0.4045520270395292
900	0.3972602739726028	0.41013575301842686
901	0.3974794520547945	0.3993205580315458
902	0.3976986301369863	0.43625408374904084
903	0.3979178082191781	0.3803176977028418
904	0.3981369863013699	0.384064999520307
905	0.3983561643835617	0.3358320364613595
906	0.39857534246575343	0.31505584840897743
907	0.39879452054794523	0.3249297872933496
908	0.399013698630137	0.3631632710178474
909	0.39923287671232877	0.39659285183260384
910	0.39945205479452056	0.29468663929497807
911	0.39967123287671236	0.3611182040416535
912	0.39989041095890415	0.44095550663788274
913	0.40010958904109595	0.5261123076714689
914	0.4003287671232877	0.4033560546536096
915	0.4005479452054795	0.4053852844472587
916	0.4007671232876713	0.37623087169110964
917	0.400986301369863	0.40529350879922
918	0.4012054794520548	0.4768007040077027
919	0.4014246575342466	0.2602801163245896
920	0.4016438356164384	0.4821247739537371
921	0.40186301369863014	0.3856996224358396
922	0.40208219178082194	0.3460984079461567
923	0.40230136986301374	0.4765511037057153
924	0.4025205479452055	0.5038635411604624
925	0.40273972602739727	0.36408440246989054
926	0.40295890410958907	0.4778220706464989
927	0.40317808219178086	0.37804148644949853
928	0.4033972602739726	0.41799831574513224
929	0.4036164383561644	0.34659490234071777
930	0.4038356164383562	0.5219498757715209
931	0.40405479452054793	0.3327863559490031
932	0.4042739726027398	0.3659642374660245
933	0.4044931506849315	0.4207907224498497
934	0.4047123287671233	0.3236675350782364
935	0.4049315068493151	0.33066751572828534
936	0.40515068493150685	0.3166719240519542
937	0.40536986301369865	0.3383965956026199
938	0.40558904109589045	0.40564104826602077
939	0.40580821917808224	0.28246921775693234
940	0.406027397260274	0.40185412044726365
941	0.4062465753424658	0.42786678889202623
942	0.40646575342465757	0.42699646653687934
943	0.4066849315068493	0.5077421042629143
944	0.4069041095890411	0.4431678580237334
945	0.4071232876712329	0.4008374868146732
946	0.4073424657534247	0.36009423576292016
947	0.40756164383561644	0.4156655459848256
948	0.40778082191780823	0.3534058272414317
949	0.40800000000000003	0.40157215036710525
950	0.40821917808219177	0.4488255681517783
951	0.4084383561643836	0.4910911566865714
952	0.40865753424657536	0.4216206699064354
953	0.40887671232876716	0.43784660621134064
954	0.40909589041095895	0.436110165313498
955	0.4093150684931507	0.41122372403929525
956	0.4095342465753425	0.3994733067739638
957	0.4097534246575343	0.3762318461022654
958	0.4099726027397261	0.35789621057264176
959	0.4101917808219178	0.43060885567742196
960	0.4104109589041096	0.4398068452363347
961	0.4106301369863014	0.43026726886025546
962	0.41084931506849315	0.472139965955657
963	0.41106849315068494	0.37357230578981726
964	0.41128767123287674	0.34109594253153275
965	0.41150684931506853	0.43543838151221514
966	0.4117260273972603	0.4533231462363206
967	0.41194520547945207	0.3949054513940111
968	0.41216438356164387	0.4541950253650744
969	0.4123835616438356	0.4363393365427111
970	0.41260273972602746	0.40498176455464774
971	0.4128219178082192	0.4067389849453918
972	0.413041095890411	0.35430238571954076
973	0.4132602739726028	0.4655032110190565
974	0.4134794520547945	0.38300772279072004
975	0.4136986301369863	0.4026187252165011
976	0.4139178082191781	0.437034722444347
977	0.4141369863013699	0.3721662188371134
978	0.41435616438356165	0.36608897315650335
979	0.41457534246575345	0.44617787576270995
980	0.41479452054794524	0.36579781359936203
981	0.415013698630137	0.4638134189171075
982	0.4152328767123288	0.39528174253518367
983	0.4154520547945206	0.4246857245581344
984	0.41567123287671237	0.4794949430209278
985	0.4158904109589041	0.5216735651375172
986	0.4161095890410959	0.44193682790711336
987	0.4163287671232877	0.43767844959981
988	0.41654794520547944	0.41772726634424495
989	0.4167671232876713	0.4930319560680005
990	0.41698630136986303	0.4190429185937505
991	0.4172054794520548	0.35531984567900815
992	0.4174246575342466	0.37937956526999117
993	0.41764383561643836	0.3778081007537624
994	0.41786301369863016	0.380615249804662
995	0.41808219178082195	0.4477363576330411
996	0.41830136986301375	0.3744052344884842
997	0.4185205479452055	0.3970362788139566
998	0.4187397260273973	0.37815730500702444
999	0.4189589041095891	0.3850952547220743
1000	0.4191780821917808	0.4591307239409027
1001	0.4193972602739726	0.44205113514336375
1002	0.4196164383561644	0.3884302602888847
1003	0.4198356164383562	0.3103881656875294
1004	0.42005479452054795	0.5602884900395013
1005	0.42027397260273974	0.41239531686072184
1006	0.42049315068493154	0.4475396802977523
1007	0.4207123287671233	0.4486892414132195
1008	0.42093150684931513	0.4668677621673869
1009	0.42115068493150687	0.4572480051591717
1010	0.4213698630136986	0.4584194362511346
1011	0.42158904109589046	0.33102925978928055
1012	0.4218082191780822	0.4710945977817693
1013	0.422027397260274	0.36429579309835813
1014	0.4222465753424658	0.43813852513090185
1015	0.4224657534246576	0.41590328072144644
1016	0.4226849315068493	0.42497385243292013
1017	0.4229041095890411	0.4416528229501168
1018	0.4231232876712329	0.4624703618841535
1019	0.42334246575342466	0.34888328999617363
1020	0.42356164383561645	0.47557831957103835
1021	0.42378082191780825	0.39562567939833126
1022	0.42400000000000004	0.3915120808128464
1023	0.4242191780821918	0.4530583939007291
1024	0.4244383561643836	0.4093096040461315
1025	0.4246575342465754	0.3605748130129899
1026	0.4248767123287671	0.37493578263834076
1027	0.42509589041095897	0.3648315858985691
1028	0.4253150684931507	0.41069577686550407
1029	0.42553424657534245	0.41733748030303347
1030	0.4257534246575343	0.40646474220295276
1031	0.42597260273972604	0.4067397701969917
1032	0.42619178082191783	0.41551787502702836
1033	0.4264109589041096	0.46939078152363106
1034	0.4266301369863014	0.46363646092065486
1035	0.42684931506849316	0.3896420807474115
1036	0.42706849315068496	0.4240047532982429
1037	0.42728767123287675	0.37040207012715787
1038	0.4275068493150685	0.40446070687033864
1039	0.4277260273972603	0.4229318264858809
1040	0.4279452054794521	0.47210670721448905
1041	0.4281643835616439	0.4168290562133357
1042	0.4283835616438356	0.36736849569241015
1043	0.4286027397260274	0.4154356017690253
1044	0.4288219178082192	0.36107966502657196
1045	0.42904109589041095	0.4488253575831721
1046	0.4292602739726028	0.43559241740331567
1047	0.42947945205479454	0.46765506257033007
1048	0.4296986301369863	0.3280442364274909
1049	0.42991780821917813	0.5201559530214492
1050	0.4301369863013699	0.4924954293759347
1051	0.43035616438356167	0.47166392877071533
1052	0.43057534246575346	0.5102880945815909
1053	0.43079452054794526	0.5004801369294494
1054	0.431013698630137	0.43938802465601795
1055	0.4312328767123288	0.38622028235660316
1056	0.4314520547945206	0.4214912425967088
1057	0.43167123287671233	0.37386324809033694
1058	0.4318904109589041	0.4636706428173866
1059	0.4321095890410959	0.45930309287137705
1060	0.43232876712328766	0.3930401089337678
1061	0.43254794520547946	0.46572045856041794
1062	0.43276712328767125	0.3880573991259984
1063	0.43298630136986305	0.33520501043799605
1064	0.4332054794520548	0.5138016410756203
1065	0.43342465753424664	0.47654271509945273
1066	0.4336438356164384	0.41561198959820034
1067	0.4338630136986301	0.4313886285519679
1068	0.43408219178082197	0.4464762540688376
1069	0.4343013698630137	0.4615348385913391
1070	0.4345205479452055	0.4322100383696695
1071	0.4347397260273973	0.4902764776782619
1072	0.4349589041095891	0.37797308761405496
1073	0.43517808219178084	0.4888318956940275
1074	0.43539726027397263	0.4005855117279084
1075	0.4356164383561644	0.48068572110871755
1076	0.43583561643835617	0.5001385695394754
1077	0.43605479452054796	0.4015878465979571
1078	0.43627397260273976	0.3792328482737693
1079	0.4364931506849315	0.5444103777290643
1080	0.4367123287671233	0.41948111298568164
1081	0.4369315068493151	0.4660305593350397
1082	0.4371506849315069	0.46621424794878563
1083	0.4373698630136986	0.44733769178941984
1084	0.4375890410958905	0.45401855890268156
1085	0.4378082191780822	0.4651926427897435
1086	0.43802739726027395	0.4042036259468452
1087	0.4382465753424658	0.49570006633498237
1088	0.43846575342465754	0.471904773789837
1089	0.43868493150684934	0.4348929485827384
1090	0.43890410958904114	0.4174613556294929
1091	0.43912328767123293	0.5007675324530863
1092	0.43934246575342467	0.46335748250594705
1093	0.43956164383561647	0.46362287222975423
1094	0.43978082191780826	0.47867988817923846
1095	0.44	0.48355683729830834
1096	0.4402191780821918	0.4966131832569647
1097	0.4404383561643836	0.44560284659378113
1098	0.44065753424657533	0.46675318861532006
1099	0.44087671232876713	0.5032273995326073
1100	0.4410958904109589	0.40968071622248786
1101	0.4413150684931507	0.36216952417914877
1102	0.44153424657534246	0.4852712245470593
1103	0.4417534246575343	0.4229824541598519
1104	0.44197260273972605	0.43800709202470417
1105	0.4421917808219178	0.4683113617286139
1106	0.44241095890410964	0.47006612467138276
1107	0.4426301369863014	0.501462141627941
1108	0.4428493150684932	0.4434965815346671
1109	0.44306849315068497	0.45473375982997843
1110	0.44328767123287677	0.5607556640785555
1111	0.4435068493150685	0.39910990041072814
1112	0.4437260273972603	0.40363748055467735
1113	0.4439452054794521	0.47772826459699874
1114	0.44416438356164384	0.3840499499057588
1115	0.44438356164383563	0.417005513862085
1116	0.44460273972602743	0.44978437449794684
1117	0.44482191780821917	0.4637484829741712
1118	0.44504109589041096	0.38914153542027374
1119	0.44526027397260276	0.4349991714415439
1120	0.44547945205479456	0.4454470176436359
1121	0.4456986301369863	0.4664952784785881
1122	0.44591780821917815	0.4015799133506003
1123	0.4461369863013699	0.3791661373030376
1124	0.4463561643835616	0.4672847926147461
1125	0.4465753424657535	0.49674834121281136
1126	0.4467945205479452	0.49944443117235754
1127	0.447013698630137	0.33610616114111236
1128	0.4472328767123288	0.4629000108333328
1129	0.44745205479452055	0.4061904170659822
1130	0.44767123287671234	0.4965072528764944
1131	0.44789041095890414	0.3694012383229118
1132	0.44810958904109593	0.47080097659127307
1133	0.4483287671232877	0.4408922404985493
1134	0.44854794520547947	0.4888407674181639
1135	0.44876712328767127	0.4856157085368748
1136	0.448986301369863	0.3605458845858769
1137	0.4492054794520548	0.47654182467353684
1138	0.4494246575342466	0.40662033740565745
1139	0.4496438356164384	0.38589303664144997
1140	0.44986301369863013	0.3498542898395669
1141	0.450082191780822	0.38368084850227774
1142	0.4503013698630137	0.39958721466168823
1143	0.45052054794520546	0.49977429426210107
1144	0.4507397260273973	0.48610374049533617
1145	0.45095890410958905	0.4672150733741661
1146	0.45117808219178085	0.4676295990074486
1147	0.45139726027397264	0.4280963686060234
1148	0.4516164383561644	0.4205608974887922
1149	0.4518356164383562	0.45371856180473996
1150	0.452054794520548	0.4969185871280614
1151	0.45227397260273977	0.4843937267113347
1152	0.4524931506849315	0.4957176388678801
1153	0.4527123287671233	0.44181730272320224
1154	0.4529315068493151	0.5463849454088011
1155	0.45315068493150684	0.5431208237064425
1156	0.45336986301369864	0.40862115331055204
1157	0.45358904109589043	0.4599372242951361
1158	0.45380821917808223	0.4481346831151479
1159	0.45402739726027397	0.38778376624523314
1160	0.4542465753424658	0.43207026126940906
1161	0.45446575342465756	0.4378553759913837
1162	0.4546849315068493	0.5059183580744744
1163	0.45490410958904115	0.510854647019386
1164	0.4551232876712329	0.44382253116128295
1165	0.4553424657534247	0.4589347528247239
1166	0.4555616438356165	0.47341043409473066
1167	0.4557808219178082	0.45451106131281366
1168	0.456	0.4702129211030135
1169	0.4562191780821918	0.4861963816177183
1170	0.4564383561643836	0.40275638052061913
1171	0.45665753424657535	0.37287381669146863
1172	0.45687671232876714	0.5238950166151142
1173	0.45709589041095894	0.4468098891914425
1174	0.4573150684931507	0.49030225729331334
1175	0.4575342465753425	0.45363250549439826
1176	0.45775342465753427	0.39308625991238744
1177	0.45797260273972606	0.51017437957388
1178	0.4581917808219178	0.45221226750582216
1179	0.45841095890410966	0.46952128748217214
1180	0.4586301369863014	0.5039285104271316
1181	0.45884931506849314	0.43952202954489816
1182	0.459068493150685	0.4272455163464323
1183	0.4592876712328767	0.41644135339715926
1184	0.4595068493150685	0.5109585333425758
1185	0.4597260273972603	0.49728450428259446
1186	0.45994520547945206	0.4549945138628872
1187	0.46016438356164385	0.4237611711969309
1188	0.46038356164383565	0.44884405806525834
1189	0.46060273972602744	0.4644728675193116
1190	0.4608219178082192	0.5207935212889705
1191	0.461041095890411	0.4412491669043706
1192	0.4612602739726028	0.3800716247813267
1193	0.4614794520547945	0.45053360684081867
1194	0.4616986301369863	0.38294697580916603
1195	0.4619178082191781	0.4252998603628906
1196	0.4621369863013699	0.42626260458758
1197	0.46235616438356164	0.4952946908046218
1198	0.46257534246575344	0.4346464719553528
1199	0.46279452054794523	0.4223211482736907
1200	0.46301369863013697	0.4692567346459365
1201	0.4632328767123288	0.49651104537552454
1202	0.46345205479452056	0.48875807204589655
1203	0.46367123287671236	0.5444838787425822
1204	0.46389041095890415	0.527379727286209
1205	0.4641095890410959	0.5750753357767313
1206	0.4643287671232877	0.45041531226298454
1207	0.4645479452054795	0.4752571987588867
1208	0.4647671232876713	0.4683482818032703
1209	0.464986301369863	0.4714881888023314
1210	0.4652054794520548	0.516974217175382
1211	0.4654246575342466	0.49442107200138063
1212	0.46564383561643835	0.4793783501447724
1213	0.46586301369863015	0.48103078599563676
1214	0.46608219178082194	0.49945920971363933
1215	0.46630136986301374	0.5215675948561852
1216	0.4665205479452055	0.45235557318573805
1217	0.4667397260273973	0.4776168836773242
1218	0.46695890410958907	0.5270093589627065
1219	0.4671780821917808	0.5140903098144207
1220	0.46739726027397266	0.4584884516449795
1221	0.4676164383561644	0.5298384931967345
1222	0.4678356164383562	0.4676760852182721
1223	0.468054794520548	0.40085511061682094
1224	0.46827397260273973	0.4521004371959258
1225	0.4684931506849315	0.4590776958320292
1226	0.4687123287671233	0.45472728904402154
1227	0.4689315068493151	0.45785232401369014
1228	0.46915068493150686	0.4237782291739509
1229	0.46936986301369865	0.4975246827660171
1230	0.46958904109589045	0.5207210891341686
1231	0.4698082191780822	0.5297143707506444
1232	0.470027397260274	0.4203275778013208
1233	0.4702465753424658	0.4181570018833566
1234	0.4704657534246576	0.5791358015073238
1235	0.4706849315068493	0.5267100813214883
1236	0.4709041095890411	0.523344046900904
1237	0.4711232876712329	0.40249813991241035
1238	0.47134246575342464	0.47661589991348297
1239	0.4715616438356165	0.4948965367566021
1240	0.47178082191780824	0.4617654335893281
1241	0.47200000000000003	0.509883709499951
1242	0.4722191780821918	0.5618067313564854
1243	0.47243835616438357	0.5226254859044984
1244	0.47265753424657536	0.4366933341622399
1245	0.47287671232876716	0.4302679500442126
1246	0.47309589041095895	0.5045906124106503
1247	0.4733150684931507	0.5210657744809164
1248	0.4735342465753425	0.4354989896493048
1249	0.4737534246575343	0.46247404529188074
1250	0.473972602739726	0.5024740161805958
1251	0.4741917808219178	0.5585216475593094
1252	0.4744109589041096	0.4899720972210253
1253	0.4746301369863014	0.5025816996170905
1254	0.47484931506849315	0.428564092762117
1255	0.47506849315068495	0.5068679101392941
1256	0.47528767123287674	0.4478953107043363
1257	0.4755068493150685	0.4292501143688828
1258	0.47572602739726033	0.4163280222848031
1259	0.47594520547945207	0.487223718404894
1260	0.47616438356164387	0.46220896355266733
1261	0.47638356164383566	0.43448291412199186
1262	0.4766027397260274	0.48381129167155695
1263	0.4768219178082192	0.4007811493235041
1264	0.477041095890411	0.3881041238395819
1265	0.4772602739726028	0.5116122497386295
1266	0.47747945205479453	0.41351021939059956
1267	0.4776986301369863	0.4525643944790111
1268	0.4779178082191781	0.4342885251440589
1269	0.47813698630136986	0.5276241896703895
1270	0.47835616438356166	0.5871947745971084
1271	0.47857534246575345	0.46779479934948026
1272	0.47879452054794525	0.4934261936683025
1273	0.479013698630137	0.4731844101623114
1274	0.4792328767123288	0.5424795902937225
1275	0.4794520547945206	0.4620303691520631
1276	0.4796712328767123	0.5470914571051817
1277	0.47989041095890417	0.5185225043616646
1278	0.4801095890410959	0.4939473036279722
1279	0.4803287671232877	0.5101079473468051
1280	0.4805479452054795	0.45506958626152266
1281	0.48076712328767124	0.4563960191381292
1282	0.48098630136986303	0.5215070006067722
1283	0.48120547945205483	0.47497114034841964
1284	0.4814246575342466	0.5597386581472305
1285	0.48164383561643836	0.5104068345945221
1286	0.48186301369863016	0.427161005104161
1287	0.48208219178082196	0.4437398390986342
1288	0.4823013698630137	0.4888586879931207
1289	0.4825205479452055	0.4802230054698575
1290	0.4827397260273973	0.4585591011487134
1291	0.4829589041095891	0.48548365668047433
1292	0.4831780821917808	0.5609398095862779
1293	0.4833972602739726	0.5073572241705101
1294	0.4836164383561644	0.49856035672333604
1295	0.48383561643835615	0.5407134321475694
1296	0.484054794520548	0.525453722803923
1297	0.48427397260273974	0.5826541844354576
1298	0.48449315068493154	0.48088099107987814
1299	0.48471232876712333	0.4671576227821353
1300	0.4849315068493151	0.5160893257710217
1301	0.48515068493150687	0.5273569959086444
1302	0.48536986301369867	0.4432681355961453
1303	0.48558904109589046	0.4761682376429214
1304	0.4858082191780822	0.4481582092055238
1305	0.486027397260274	0.4796084323896935
1306	0.4862465753424658	0.5062938853370922
1307	0.48646575342465753	0.5020165758253499
1308	0.4866849315068493	0.42630524220163957
1309	0.4869041095890411	0.4304222888412881
1310	0.4871232876712329	0.43689562898707945
1311	0.48734246575342466	0.46585914227416425
1312	0.48756164383561645	0.5359489595456219
1313	0.48778082191780825	0.5378643232850768
1314	0.488	0.44741452290318
1315	0.48821917808219184	0.5353441915184942
1316	0.4884383561643836	0.5359075024939276
1317	0.4886575342465754	0.5378439878445556
1318	0.48887671232876717	0.5030048860586618
1319	0.4890958904109589	0.48970874244129
1320	0.4893150684931507	0.4188566398021835
1321	0.4895342465753425	0.5155009241188178
1322	0.4897534246575343	0.4983903185837362
1323	0.48997260273972604	0.5942332253438959
1324	0.49019178082191783	0.5469890242709008
1325	0.49041095890410963	0.48097994864791904
1326	0.49063013698630137	0.5407295892397526
1327	0.49084931506849316	0.5049741275116745
1328	0.49106849315068496	0.493531764171101
1329	0.49128767123287675	0.4899726557985608
1330	0.4915068493150685	0.4907134559193529
1331	0.4917260273972603	0.4183718072837501
1332	0.4919452054794521	0.565664143730641
1333	0.4921643835616438	0.4226442459672908
1334	0.4923835616438357	0.5274575668990852
1335	0.4926027397260274	0.4839270657798508
1336	0.49282191780821916	0.5581303398316537
1337	0.493041095890411	0.4859632589056928
1338	0.49326027397260275	0.6088106305327654
1339	0.49347945205479454	0.5285495673709502
1340	0.49369863013698634	0.46879425682937026
1341	0.49391780821917813	0.4724032274039067
1342	0.4941369863013699	0.44133985105756585
1343	0.49435616438356167	0.5458296466905113
1344	0.49457534246575346	0.5569296245163794
1345	0.4947945205479452	0.445458649913848
1346	0.495013698630137	0.4799469212818811
1347	0.4952328767123288	0.45959443917792986
1348	0.4954520547945206	0.5452795147334722
1349	0.49567123287671233	0.5578179866460898
1350	0.4958904109589041	0.5007538290481984
1351	0.4961095890410959	0.5081510431429732
1352	0.49632876712328766	0.4961967142147625
1353	0.4965479452054795	0.45305966397806874
1354	0.49676712328767125	0.5242267119430387
1355	0.496986301369863	0.46898731240383534
1356	0.49720547945205484	0.5201639795798924
1357	0.4974246575342466	0.53177873257588
1358	0.4976438356164384	0.5196534591609875
1359	0.4978630136986302	0.577608421935764
1360	0.49808219178082197	0.5440025635125436
1361	0.4983013698630137	0.43122654417632555
1362	0.4985205479452055	0.576876883168148
1363	0.4987397260273973	0.5112404882685508
1364	0.49895890410958904	0.5091794041211042
1365	0.49917808219178084	0.43386837814038126
1366	0.49939726027397263	0.43193972879271
1367	0.4996164383561644	0.49543051404532606
1368	0.49983561643835617	0.5786036472922778
1369	0.500054794520548	0.6099562127440425
1370	0.5002739726027398	0.6167363979366925
1371	0.5004931506849315	0.5146860791357948
1372	0.5007123287671233	0.5230028363313627
1373	0.5009315068493151	0.47650329529196306
1374	0.5011506849315068	0.6396617381118683
1375	0.5013698630136987	0.5024268757900473
1376	0.5015890410958904	0.5816269099363601
1377	0.5018082191780822	0.4985723129986133
1378	0.502027397260274	0.48525115831297727
1379	0.5022465753424659	0.43555715464549916
1380	0.5024657534246575	0.48558305518823996
1381	0.5026849315068493	0.4809257675773629
1382	0.5029041095890412	0.4910682280499892
1383	0.5031232876712328	0.4753898189304761
1384	0.5033424657534247	0.46303039255653317
1385	0.5035616438356165	0.5247787729100308
1386	0.5037808219178082	0.5949882815072561
1387	0.504	0.5720606323175766
1388	0.5042191780821919	0.4970031717071141
1389	0.5044383561643836	0.5140665952245834
1390	0.5046575342465753	0.5558575255065021
1391	0.5048767123287672	0.4636317940037523
1392	0.5050958904109589	0.5267345370659553
1393	0.5053150684931507	0.5026693189577524
1394	0.5055342465753425	0.5113131054732241
1395	0.5057534246575343	0.5053772078042438
1396	0.505972602739726	0.5358006754237606
1397	0.5061917808219178	0.5216631191862237
1398	0.5064109589041097	0.557631992896507
1399	0.5066301369863013	0.451754575739652
1400	0.5068493150684932	0.4467580541217183
1401	0.507068493150685	0.5911314527432846
1402	0.5072876712328767	0.5318788519017206
1403	0.5075068493150685	0.5023577319935676
1404	0.5077260273972604	0.4959652286701464
1405	0.507945205479452	0.570144387932775
1406	0.5081643835616438	0.5019617665018441
1407	0.5083835616438357	0.5975895173312396
1408	0.5086027397260274	0.4701548195540997
1409	0.5088219178082192	0.5283167442861016
1410	0.509041095890411	0.4814348418951465
1411	0.5092602739726028	0.5462267787001425
1412	0.5094794520547945	0.5372528698799885
1413	0.5096986301369864	0.5546793214849526
1414	0.5099178082191781	0.5007156225950112
1415	0.5101369863013698	0.5110011362610112
1416	0.5103561643835617	0.5022778870927954
1417	0.5105753424657535	0.5367891190877064
1418	0.5107945205479452	0.5263920565757635
1419	0.511013698630137	0.534687054743935
1420	0.5112328767123289	0.6538654831861834
1421	0.5114520547945205	0.6033201446724209
1422	0.5116712328767123	0.5117335421051677
1423	0.5118904109589042	0.5186160122386503
1424	0.5121095890410958	0.4766479095758892
1425	0.5123287671232877	0.4686481716232702
1426	0.5125479452054795	0.5394755389666099
1427	0.5127671232876713	0.5314929795373442
1428	0.512986301369863	0.5742231316145836
1429	0.5132054794520549	0.5435858693102416
1430	0.5134246575342466	0.5845260132633257
1431	0.5136438356164383	0.5391213080855493
1432	0.5138630136986302	0.5646465885996432
1433	0.5140821917808219	0.4766706415385046
1434	0.5143013698630137	0.5290922936916816
1435	0.5145205479452055	0.5340102186642253
1436	0.5147397260273974	0.5450587283335869
1437	0.514958904109589	0.5915551693377695
1438	0.5151780821917809	0.5723007168736592
1439	0.5153972602739727	0.5873620744946182
1440	0.5156164383561643	0.5464290557321323
1441	0.5158356164383562	0.5117646254474711
1442	0.516054794520548	0.49194725623384816
1443	0.5162739726027397	0.5088944518755382
1444	0.5164931506849315	0.44014362499815285
1445	0.5167123287671234	0.5395308158484962
1446	0.5169315068493151	0.43993776044809735
1447	0.5171506849315068	0.5122380080615563
1448	0.5173698630136987	0.48405714508855413
1449	0.5175890410958904	0.532534966898902
1450	0.5178082191780822	0.4415626340301988
1451	0.518027397260274	0.4040207913271555
1452	0.5182465753424658	0.437981782143083
1453	0.5184657534246575	0.46409374749380145
1454	0.5186849315068494	0.5518234069420159
1455	0.5189041095890411	0.482558530074436
1456	0.5191232876712328	0.545839840079346
1457	0.5193424657534247	0.5108597108841614
1458	0.5195616438356165	0.5876475809876973
1459	0.5197808219178082	0.49279931610688454
1460	0.52	0.5320994774880272
1461	0.5202191780821919	0.5279164075529769
1462	0.5204383561643835	0.42470507843749317
1463	0.5206575342465753	0.6119104353767566
1464	0.5208767123287672	0.5092416449197092
1465	0.5210958904109589	0.5783879251920325
1466	0.5213150684931507	0.5448247672358635
1467	0.5215342465753425	0.49026328472710784
1468	0.5217534246575343	0.48010866118469264
1469	0.521972602739726	0.61967892633063
1470	0.5221917808219179	0.51559325176371
1471	0.5224109589041096	0.46715760285199137
1472	0.5226301369863013	0.5396336947639033
1473	0.5228493150684932	0.47146299342059184
1474	0.5230684931506849	0.530339795672965
1475	0.5232876712328767	0.48913099077439615
1476	0.5235068493150685	0.4855936381795032
1477	0.5237260273972604	0.5936716314784952
1478	0.523945205479452	0.522904092195832
1479	0.5241643835616439	0.434055031949933
1480	0.5243835616438357	0.6078575837468103
1481	0.5246027397260273	0.5572498336003108
1482	0.5248219178082192	0.578593739657947
1483	0.525041095890411	0.5521993483634863
1484	0.5252602739726028	0.45656672407889004
1485	0.5254794520547945	0.5109346168708155
1486	0.5256986301369864	0.5234396039084486
1487	0.5259178082191781	0.5513228110617715
1488	0.5261369863013698	0.5572284534721609
1489	0.5263561643835617	0.564916294703202
1490	0.5265753424657534	0.570025856704065
1491	0.5267945205479452	0.5157289756363628
1492	0.527013698630137	0.45307260413197875
1493	0.5272328767123288	0.5749223358638181
1494	0.5274520547945205	0.6026812880472416
1495	0.5276712328767124	0.5426454206548522
1496	0.5278904109589042	0.5108124455743427
1497	0.5281095890410958	0.49131506306875483
1498	0.5283287671232877	0.4684556208737945
1499	0.5285479452054795	0.6402703742724445
1500	0.5287671232876712	0.5427982635051829
1501	0.528986301369863	0.5052593951121472
1502	0.5292054794520549	0.5464375822255692
1503	0.5294246575342466	0.550565452287115
1504	0.5296438356164384	0.5111241805911149
1505	0.5298630136986302	0.4427023647196876
1506	0.5300821917808219	0.5215183984841243
1507	0.5303013698630137	0.5520065923969072
1508	0.5305205479452055	0.5450773079823218
1509	0.5307397260273973	0.5244987872362712
1510	0.530958904109589	0.4915841233157574
1511	0.5311780821917809	0.48744710032888716
1512	0.5313972602739726	0.49455949724013637
1513	0.5316164383561643	0.5377174263390044
1514	0.5318356164383562	0.5732886205271343
1515	0.532054794520548	0.48581542540679545
1516	0.5322739726027397	0.5043663767494106
1517	0.5324931506849315	0.5967771058587945
1518	0.5327123287671234	0.6093674254373179
1519	0.532931506849315	0.5216973214956514
1520	0.5331506849315069	0.5929424162824994
1521	0.5333698630136987	0.564924680887654
1522	0.5335890410958904	0.5739988264839956
1523	0.5338082191780822	0.535792465315475
1524	0.534027397260274	0.5840808051704712
1525	0.5342465753424658	0.49030841957208326
1526	0.5344657534246575	0.523625144185971
1527	0.5346849315068494	0.4632895952619778
1528	0.5349041095890411	0.5055270257920585
1529	0.5351232876712329	0.642912330838844
1530	0.5353424657534247	0.44848909724980385
1531	0.5355616438356164	0.4767188915531946
1532	0.5357808219178082	0.5919937731626613
1533	0.536	0.5752975510137448
1534	0.5362191780821919	0.5981854425030264
1535	0.5364383561643835	0.501454564740524
1536	0.5366575342465754	0.4884816822137357
1537	0.5368767123287672	0.5462401862437924
1538	0.5370958904109588	0.5442117991555726
1539	0.5373150684931507	0.5369293805171901
1540	0.5375342465753425	0.5585743115476548
1541	0.5377534246575343	0.5011150196246195
1542	0.537972602739726	0.4892495688368319
1543	0.5381917808219179	0.4934578063434186
1544	0.5384109589041096	0.6287692304876575
1545	0.5386301369863014	0.4777605707951417
1546	0.5388493150684932	0.5102161847322461
1547	0.539068493150685	0.4766637041358848
1548	0.5392876712328767	0.5104357880461629
1549	0.5395068493150685	0.5778533425514549
1550	0.5397260273972603	0.563946161591081
1551	0.539945205479452	0.511665669745437
1552	0.5401643835616439	0.5694626177214951
1553	0.5403835616438357	0.5699506141344877
1554	0.5406027397260273	0.5359094660329343
1555	0.5408219178082192	0.5148702869539185
1556	0.541041095890411	0.6026276140173858
1557	0.5412602739726027	0.4785185356586772
1558	0.5414794520547945	0.5512406336731338
1559	0.5416986301369864	0.48285317869773225
1560	0.5419178082191781	0.5169127564885787
1561	0.5421369863013699	0.5198165450791931
1562	0.5423561643835617	0.5710873449332055
1563	0.5425753424657535	0.6009796327150767
1564	0.5427945205479452	0.531952977686306
1565	0.543013698630137	0.4810347491571139
1566	0.5432328767123288	0.5780432775126594
1567	0.5434520547945205	0.5960300483964818
1568	0.5436712328767124	0.6144279493576279
1569	0.5438904109589041	0.5736643221360482
1570	0.5441095890410959	0.5367777098186842
1571	0.5443287671232877	0.5384725776806398
1572	0.5445479452054796	0.5224231588334044
1573	0.5447671232876712	0.5426069670149628
1574	0.544986301369863	0.5181866680580917
1575	0.5452054794520549	0.5664661223762998
1576	0.5454246575342465	0.5609998671371778
1577	0.5456438356164384	0.5239748319073257
1578	0.5458630136986302	0.6218840499560669
1579	0.546082191780822	0.5604046800858947
1580	0.5463013698630137	0.5932747879714114
1581	0.5465205479452055	0.5845875499622236
1582	0.5467397260273973	0.5971085209418607
1583	0.546958904109589	0.6675635409527368
1584	0.5471780821917809	0.4929120341353319
1585	0.5473972602739726	0.6211499464349242
1586	0.5476164383561644	0.5666403720110766
1587	0.5478356164383562	0.5220391099390853
1588	0.548054794520548	0.6406965817654249
1589	0.5482739726027397	0.6210194895821208
1590	0.5484931506849315	0.5247401491008242
1591	0.5487123287671234	0.6068430235732969
1592	0.548931506849315	0.5084963381259694
1593	0.5491506849315069	0.484012914994464
1594	0.5493698630136987	0.5073180778019145
1595	0.5495890410958904	0.524281438161685
1596	0.5498082191780822	0.5070270309259322
1597	0.550027397260274	0.5247593464907326
1598	0.5502465753424658	0.5378444603042293
1599	0.5504657534246575	0.5746862797344193
1600	0.5506849315068494	0.6101570940206857
1601	0.5509041095890411	0.5235046428616843
1602	0.5511232876712329	0.5330037144711964
1603	0.5513424657534247	0.6316023730511672
1604	0.5515616438356165	0.5341614478228676
1605	0.5517808219178082	0.5794581649833233
1606	0.552	0.5634364591430088
1607	0.5522191780821918	0.5699985023444666
1608	0.5524383561643835	0.5647708181135518
1609	0.5526575342465754	0.630507327326453
1610	0.5528767123287672	0.6230514096798486
1611	0.5530958904109589	0.6063449022470112
1612	0.5533150684931507	0.5086221145537498
1613	0.5535342465753426	0.6163349249782726
1614	0.5537534246575342	0.6821442470796809
1615	0.553972602739726	0.6470982691504391
1616	0.5541917808219179	0.5144282534643911
1617	0.5544109589041096	0.5764105081117725
1618	0.5546301369863014	0.6203150294566276
1619	0.5548493150684932	0.6610865641035457
1620	0.555068493150685	0.6147829420525539
1621	0.5552876712328767	0.6110800385603461
1622	0.5555068493150686	0.5803279909676505
1623	0.5557260273972603	0.5834275873437891
1624	0.555945205479452	0.6078717655936551
1625	0.5561643835616439	0.6227707496322756
1626	0.5563835616438356	0.5507120804349821
1627	0.5566027397260274	0.536402392088962
1628	0.5568219178082192	0.5520143649757224
1629	0.5570410958904111	0.5434184862018304
1630	0.5572602739726027	0.5609988882939836
1631	0.5574794520547945	0.4960601046605439
1632	0.5576986301369864	0.602798261993571
1633	0.557917808219178	0.6674266143190404
1634	0.5581369863013699	0.6492329960068959
1635	0.5583561643835617	0.6614540075791189
1636	0.5585753424657535	0.6417012128202012
1637	0.5587945205479452	0.5899811281941596
1638	0.5590136986301371	0.5896117303296273
1639	0.5592328767123288	0.6235154684516454
1640	0.5594520547945205	0.6098435859316375
1641	0.5596712328767124	0.5291128862661387
1642	0.5598904109589041	0.5187920356763318
1643	0.5601095890410959	0.591825863213504
1644	0.5603287671232877	0.6277305936092539
1645	0.5605479452054795	0.6115701434474169
1646	0.5607671232876712	0.6131292603690633
1647	0.560986301369863	0.5610397179811242
1648	0.5612054794520549	0.48828979099339553
1649	0.5614246575342465	0.5720835007935673
1650	0.5616438356164384	0.5066222579350668
1651	0.5618630136986302	0.5489730094029707
1652	0.5620821917808219	0.5533564858633074
1653	0.5623013698630137	0.5906115481874034
1654	0.5625205479452056	0.5306965097760139
1655	0.5627397260273973	0.6740610220692141
1656	0.562958904109589	0.7154549925029159
1657	0.5631780821917809	0.6629792524735239
1658	0.5633972602739726	0.5719312574568578
1659	0.5636164383561644	0.5727503401346176
1660	0.5638356164383562	0.621105664135282
1661	0.564054794520548	0.53396574509033
1662	0.5642739726027397	0.6609727764109231
1663	0.5644931506849316	0.7329535554999942
1664	0.5647123287671233	0.660454929995092
1665	0.564931506849315	0.6622679603978227
1666	0.5651506849315069	0.5590611711965875
1667	0.5653698630136987	0.5226694348106136
1668	0.5655890410958904	0.5497890022028991
1669	0.5658082191780822	0.4931321599867723
1670	0.5660273972602741	0.5780651949712721
1671	0.5662465753424657	0.48800754313034433
1672	0.5664657534246575	0.4655598291671359
1673	0.5666849315068494	0.5619547983561834
1674	0.5669041095890411	0.665171262544456
1675	0.5671232876712329	0.6839373181181367
1676	0.5673424657534247	0.642445194591147
1677	0.5675616438356165	0.5407382872128325
1678	0.5677808219178082	0.5512799696032871
1679	0.5680000000000001	0.5946460162109137
1680	0.5682191780821918	0.6345076683110108
1681	0.5684383561643835	0.5487600468190423
1682	0.5686575342465754	0.5764859447982619
1683	0.5688767123287671	0.5353199949730612
1684	0.5690958904109589	0.6456638343219966
1685	0.5693150684931507	0.5872247443245309
1686	0.5695342465753426	0.5674975451862957
1687	0.5697534246575342	0.4220388542828186
1688	0.569972602739726	0.5668611260361407
1689	0.5701917808219179	0.5945856045428756
1690	0.5704109589041095	0.5207828008915049
1691	0.5706301369863014	0.5458321831616979
1692	0.5708493150684932	0.6153219777729034
1693	0.571068493150685	0.5997629374145343
1694	0.5712876712328767	0.5934613215694184
1695	0.5715068493150686	0.6407381181434675
1696	0.5717260273972603	0.6671331782283753
1697	0.571945205479452	0.5973325059883344
1698	0.5721643835616439	0.4970031408555257
1699	0.5723835616438356	0.5218946837963372
1700	0.5726027397260274	0.5828087965817977
1701	0.5728219178082192	0.5692245845512661
1702	0.573041095890411	0.5948056545707188
1703	0.5732602739726027	0.6241971677108876
1704	0.5734794520547946	0.5931511616050444
1705	0.5736986301369864	0.6167523222823689
1706	0.573917808219178	0.6517553496120889
1707	0.5741369863013699	0.5653357287091308
1708	0.5743561643835617	0.6025881597274304
1709	0.5745753424657534	0.5231630103670412
1710	0.5747945205479452	0.5764824708076116
1711	0.5750136986301371	0.6114782250380301
1712	0.5752328767123288	0.573708680148784
1713	0.5754520547945206	0.5257159969300178
1714	0.5756712328767124	0.5001240511303704
1715	0.5758904109589041	0.5922020083301153
1716	0.5761095890410959	0.621317753492219
1717	0.5763287671232877	0.5778062006359493
1718	0.5765479452054795	0.5871242051718117
1719	0.5767671232876712	0.5348043759731345
1720	0.5769863013698631	0.5969449810042713
1721	0.5772054794520548	0.6417752448119435
1722	0.5774246575342465	0.6436767904659847
1723	0.5776438356164384	0.5270327200184158
1724	0.5778630136986302	0.5649241147004055
1725	0.5780821917808219	0.5217149391198445
1726	0.5783013698630137	0.6252785196191041
1727	0.5785205479452056	0.5399257580903668
1728	0.5787397260273972	0.5782608600189267
1729	0.5789589041095891	0.6235636877103543
1730	0.5791780821917809	0.6381270369247571
1731	0.5793972602739725	0.5538618344788578
1732	0.5796164383561644	0.6264999311186826
1733	0.5798356164383562	0.5063719239091241
1734	0.580054794520548	0.6536872040500997
1735	0.5802739726027397	0.5631999291478293
1736	0.5804931506849316	0.6462877377715968
1737	0.5807123287671233	0.6412036540388034
1738	0.580931506849315	0.6271533296550382
1739	0.5811506849315069	0.7049249381750977
1740	0.5813698630136986	0.6617924760144159
1741	0.5815890410958904	0.5936419306915643
1742	0.5818082191780822	0.6127474832059505
1743	0.5820273972602741	0.6114394626368387
1744	0.5822465753424657	0.5253838379244984
1745	0.5824657534246576	0.6081949414120307
1746	0.5826849315068494	0.6278073420122244
1747	0.582904109589041	0.6289067952518256
1748	0.5831232876712329	0.6300354624106209
1749	0.5833424657534247	0.5978185647291911
1750	0.5835616438356164	0.5539646252323989
1751	0.5837808219178082	0.5641144581122326
1752	0.5840000000000001	0.5924151727094282
1753	0.5842191780821918	0.6189857574110617
1754	0.5844383561643836	0.6612720015493969
1755	0.5846575342465754	0.6987691966047499
1756	0.5848767123287671	0.6347311713908869
1757	0.5850958904109589	0.5308978656594374
1758	0.5853150684931507	0.6992060946577937
1759	0.5855342465753425	0.6333448451461122
1760	0.5857534246575342	0.6599777925386864
1761	0.5859726027397261	0.7005838198089352
1762	0.5861917808219179	0.6829164075397601
1763	0.5864109589041095	0.6658233843743434
1764	0.5866301369863014	0.6192379078252739
1765	0.5868493150684932	0.5285707979777389
1766	0.5870684931506849	0.640917562804054
1767	0.5872876712328767	0.6860429871889123
1768	0.5875068493150686	0.6902952435064141
1769	0.5877260273972602	0.6588102760417368
1770	0.5879452054794521	0.6648467585807815
1771	0.5881643835616439	0.666145568057788
1772	0.5883835616438357	0.6256984893501386
1773	0.5886027397260274	0.6289235256572995
1774	0.5888219178082192	0.628616951171675
1775	0.589041095890411	0.6328625217827583
1776	0.5892602739726027	0.5863401562267513
1777	0.5894794520547946	0.5786194628462935
1778	0.5896986301369863	0.6236450579935768
1779	0.589917808219178	0.601887948466265