0.	19.233491475607615
0.0052917721067000005	19.212863538679244
0.010583544213400001	19.15112091417167
0.0158753163201	19.04825665229684
0.021167088426800002	18.904330980015935
0.026458860533500002	18.719428209088104
0.0317506326402	18.493656793214367
0.0370424047469	18.22714945593113
0.042334176853600004	17.920063106254915
0.0476259489603	17.572578980181532
0.052917721067000004	17.184902703272286
0.0582094931737	16.757264350519023
0.0635012652804	16.289918538862853
0.0687930373871	15.783144495222597
0.0740848094938	15.237246157176932
0.0793765816005	14.652552249156258
0.08466835370720001	14.02941637768257
0.0899601258139	13.36821710484018
0.0952518979206	12.66935803535217
0.1005436700273	11.933267890051118
0.10583544213400001	11.160400571186441
0.1111272142407	10.35123523045285
0.1164189863474	9.506276298922883
0.12171075845410001	8.626053527863974
0.1270025305608	7.71112202955554
0.1322943026675	6.762062236471903
0.1375860747742	5.779479917609116
0.14287784688090002	4.76400613222561
0.1481696189876	3.716297150929172
0.1534613910943	2.637034398533035
0.158753163201	1.526924315277808
0.1640449353077	0.38669822621682304
0.16933670741440002	-0.7828878302156008
0.1746284795211	-1.9810533171741065
0.1799202516278	-3.20699343614136
0.1852120237345	-4.459879401763052
0.1905037958412	-5.738858760221116
0.1957955679479	-7.043055740260611
0.2010873400546	-8.371571628706851
0.2063791121613	-9.723485238501254
0.21167088426800001	-11.097853365852622
0.2169626563747	-12.493712392987794
0.2222544284814	-13.910073458130592
0.2275462005881	-15.345933862514933
0.2328379726948	-16.800266928701173
0.2381297448015	-18.272028109532314
0.24342151690820002	-19.760154650712835
0.2487132890149	-21.263566388102273
0.2540050611216	-22.781166566777994
0.2592968332283	-24.311842831529617
0.264588605335	-25.854468013268086
0.2698803774417	-27.407901209317718
0.2751721495484	-28.97098878207406
0.28046392165510003	-30.542565431132502
0.28575569376180004	-32.12145529262832
0.29104746586850005	-33.70647311748966
0.2963392379752	-35.29642544696942
0.30163101008189996	-36.89011184259996
0.3069227821886	-38.48632605084036
0.3122145542953	-40.0838577772589
0.317506326402	-41.68149336137531
0.3227980985087	-43.27801731410422
0.3280898706154	-44.872214124591125
0.3333816427221	-46.46286929696624
0.33867341482880003	-48.04877089050893
0.34396518693550004	-49.62871099178374
0.3492569590422	-51.2014871813341
0.3545487311489	-52.7659040547988
0.3598405032556	-54.32077469776915
0.3651322753623	-55.86492220690546
0.370424047469	-57.39718126819744
0.3757158195757	-58.916399580119695
0.3810075916824	-60.421439434613276
0.3862993637891	-61.9111792245965
0.3915911358958	-63.38451494059114
0.39688290800250003	-64.84036166462755
0.4021746801092	-66.27765505326526
0.4074664522159	-67.6953527852387
0.4127582243226	-69.09243601998742
0.4180499964293	-70.46791076366779
0.42334176853600003	-71.82080928958737
0.42863354064270004	-73.15019146884158
0.4339253127494	-74.45514607646035
0.4392170848561	-75.73479119685773
0.4445088569628	-76.98827975318557
0.44980062906949997	-78.21479209223077
0.4550924011762	-79.41354584582169
0.4603841732829	-80.58379203687875
0.4656759453896	-81.724818192397
0.4709677174963	-82.83595848512981
0.476259489603	-83.91654385783899
0.48155126170970003	-84.96600512995843
0.48684303381640004	-85.98377150728682
0.49213480592310005	-86.9693223951882
0.4974265780298	-87.92217782018399
0.5027183501365	-88.84189898234415
0.5080101222432	-89.7280887532555
0.5133018943499	-90.58039208419262
0.5185936664566	-91.39849634353891
0.5238854385633	-92.18213158345826
0.52917721067	-92.93107071676901
0.5344689827767	-93.64512962578958
0.5397607548834	-94.32416718410744
0.5450525269901	-94.96808520487764
0.5503442990968	-95.57682830476571
0.5556360712035	-96.15038369169902
0.5609278433102001	-96.68878087098366
0.5662196154169	-97.19209127250852
0.5715113875236001	-97.66042780992083
0.5768031596303	-98.09394434456183
0.5820949317370001	-98.49283509770088
0.5873867038437001	-98.85733396480842
0.5926784759504	-99.18771378084868
0.5979702480571	-99.48428548489
0.6032620201637999	-99.74739725750393
0.6085537922705	-99.9774336608855
0.6138455643772	-100.17481417215934
0.6191373364839	-100.33999281058385
0.6244291085906	-100.47345651303135
0.6297208806973	-100.5757240781863
0.635012652804	-100.64734483590854
0.6403044249106999	-100.68889764857542
0.6455961970174	-100.70098911785139
0.6508879691241	-100.6842525071172
0.6561797412308	-100.63934623940123
0.6614715133375	-100.56695242524373
0.6667632854442	-100.46777603002809
0.6720550575509	-100.34254008749832
0.6773468296576001	-100.19199065495222
0.6826386017643	-100.01688860628745
0.6879303738710001	-99.81801191503682
0.6932221459777	-99.59615236179043
0.6985139180844	-99.35211460900874
0.7038056901911001	-99.08671459010829
0.7090974622978	-98.80077767541444
0.7143892344045001	-98.49513712383337
0.7196810065112	-98.17063247738041
0.7249727786179001	-97.82810794482359
0.7302645507246	-97.46841081525983
0.7355563228313	-97.09238989890261
0.740848094938	-96.70089392977349
0.7461398670446999	-96.29477009356616
0.7514316391514	-95.87486249292424
0.7567234112580999	-95.44201068346874
0.7620151833648	-94.99704823159449
0.7673069554715	-94.54080132124732
0.7725987275782	-94.07408739879685
0.7778904996849	-93.59771384239986
0.7831822717916	-93.11247669939186
0.7884740438983	-92.6191594644959
0.7937658160050001	-92.11853190701176
0.7990575881117	-91.61134894698584
0.8043493602184	-91.09834959668804
0.8096411323251	-90.58025594562724
0.8149329044318	-90.05777222175831
0.8202246765385001	-89.53158388534308
0.8255164486452	-89.0023568207721
0.8308082207519001	-88.47073654743446
0.8360999928586	-87.93734755031765
0.8413917649653001	-87.40279259428071
0.8466835370720001	-86.86765219615323
0.8519753091787	-86.33248408595
0.8572670812854001	-85.79782277693106
0.8625588533920999	-85.26417918192111
0.8678506254988	-84.73204030037869
0.8731423976054999	-84.20186896805131
0.8784341697122	-83.67410368010151
0.8837259418189	-83.149158457771
0.8890177139256	-82.62742280212136
0.8943094860323	-82.10926168314948
0.8996012581389999	-81.59501515882816
0.9048930302457	-81.08500076970803
0.9101848023524	-80.57950929938367
0.9154765744591	-80.07880895960477
0.9207683465658	-79.58314439978162
0.9260601186725	-79.09273667977381
0.9313518907792	-78.60778428759603
0.9366436628859001	-78.12846285641969
0.9419354349926	-77.65492618499984
0.9472272070993001	-77.1873066240769
0.952518979206	-76.7257156940751
0.9578107513127	-76.27024441708149
0.9631025234194001	-75.8209644189069
0.9683942955261	-75.37792821752679
0.9736860676328001	-74.94117012922037
0.9789778397395	-74.51070692436497
0.9842696118462001	-74.08653858391264
0.9895613839529	-73.66864909940482
0.9948531560596	-73.25700726210265
1.0001449281663	-72.8515677922594
1.005436700273	-72.45227087652698
1.0107284723796999	-72.05904496800753
1.0160202444864	-71.67180602977689
1.0213120165931	-71.29045984241017
1.0266037886998	-70.91490115498658
1.0318955608065	-70.54501568240495
1.0371873329132	-70.18068066865968
1.0424791050199	-69.82176572767243
1.0477708771266	-69.468133684124
1.0530626492333	-69.11964139523816
1.05835442134	-68.7761405725656
1.0636461934466999	-68.43747856567173
1.0689379655534	-68.10349916215154
1.0742297376601	-67.77404333866377
1.0795215097668	-67.44895000924419
1.0848132818735	-67.12805674640711
1.0901050539802	-66.81120046143022
1.0953968260869	-66.49821812001396
1.1006885981936	-66.18894732460521
1.1059803703003	-65.88322697019171
1.111272142407	-65.58089781029886
1.1165639145136999	-65.28180302570775
1.1218556866204001	-64.98578873875027
1.1271474587271	-64.69270450039302
1.1324392308338	-64.40240408753085
1.1377310029405	-64.11474451793475
1.1430227750472002	-63.829588374104176
1.1483145471539	-63.546808875469466
1.1536063192606	-63.26626346974148
1.1588980913673	-62.98784572230407
1.1641898634740002	-62.71143513297553
1.1694816355807	-62.43692230381972
1.1747734076874001	-62.164204168990096
1.1800651797941	-61.89318411718094
1.1853569519008	-61.62377212224199
1.1906487240075	-61.35588482481262
1.1959404961142	-61.08944559490803
1.2012322682209	-60.82438453191921
1.2065240403275999	-60.56063848366099
1.2118158124343001	-60.29815098922801
1.217107584541	-60.03687222457209
1.2223993566477	-59.77675891542568
1.2276911287544	-59.51777421485065
1.2329829008611	-59.25988756173909
1.2382746729678	-59.00307452842961
1.2435664450745	-58.747316711861664
1.2488582171812	-58.49260119751134
1.2541499892879	-58.23892084238975
1.2594417613946	-57.9862737008828
1.2647335335013001	-57.7346627771275
1.270025305608	-57.48409606038687
1.2753170777147	-57.23458579034243
1.2806088498213999	-56.98614846797881
1.2859006219281002	-56.73880448823
1.2911923940348	-56.49257782160614
1.2964841661415	-56.24749571214715
1.3017759382482	-56.00358835360719
1.3070677103549002	-55.760888557475816
1.3123594824616	-55.51943145637381
1.3176512545683001	-55.279254158468575
1.322943026675	-55.0403954454278
1.3282347987816998	-54.80289543499823
1.3335265708884	-54.566795281680406
1.3388183429951	-54.332136858355526
1.3441101151018	-54.09896246240232
1.3494018872084999	-53.8673145109297
1.3546936593152001	-53.63723525777822
1.3599854314219	-53.408766521406264
1.3652772035286	-53.18194941549731
1.3705689756353	-52.956824193855034
1.3758607477420002	-52.733429551070664
1.3811525198487	-52.511803155866204
1.3864442919554	-52.29198085924302
1.3917360640621	-52.073996727135544
1.3970278361688	-51.857882683942144
1.4023196082755	-51.643668515246176
1.4076113803822001	-51.43138162291361
1.4129031524889	-51.22104689992058
1.4181949245956	-51.01268661334446
1.4234866967023	-50.80632029551827
1.4287784688090002	-50.601964637906356
1.4340702409157	-50.39963344756609
1.4393620130224	-50.19933752469668
1.4446537851291	-50.00108468985053
1.4499455572358002	-49.80487972134706
1.4552373293425	-49.61072433350361
1.4605291014492	-49.41861720384681
1.4658208735559	-49.228553964949164
1.4711126456626	-49.04052725613069
1.4764044177693	-48.85452675339144
1.481696189876	-48.67053924016113
1.4869879619827	-48.48854866444301
1.4922797340893998	-48.30853623677487
1.4975715061961001	-48.130480509142075
1.5028632783028	-47.954357486544225
1.5081550504095	-47.78014074672529
1.5134468225161999	-47.60780154901911
1.5187385946229002	-47.437308981290904
1.5240303667296	-47.268630090551945
1.5293221388363	-47.1017300244587
1.534613910943	-46.936572200023534
1.5399056830497	-46.77311843967152
1.5451974551564	-46.61132913995112
1.5504892272631001	-46.451163440244756
1.5557809993698	-46.29257938331597
1.5610727714765	-46.135534089462304
1.5663645435832	-45.97998384087064
1.5716563156899002	-45.82588455509523
1.5769480877966	-45.67319150478053
1.5822398599033	-45.52185978569694
1.5875316320100001	-45.371844466403495
1.5928234041167	-45.22310049300798
1.5981151762234	-45.075583233394696
1.6034069483301	-44.929248292186955
1.6086987204368	-44.78405208218629
1.6139904925435	-44.63995144885524
1.6192822646502	-44.496903904335326
1.6245740367569	-44.35486825875119
1.6298658088636	-44.21380419571296
1.6351575809703	-44.073672607016334
1.6404493530770001	-43.934435674276706
1.6457411251837	-43.796056980495855
1.6510328972904	-43.65850158353271
1.6563246693970999	-43.52173611134319
1.6616164415038002	-43.38572883272976
1.6669082136105	-43.25044971992772
1.6721999857172	-43.1158705166336
1.6774917578239	-42.98196477065881
1.6827835299306002	-42.848707880189075
1.6880753020373	-42.71607712643798
1.6933670741440001	-42.584051681810514
1.6986588462507	-42.4526126316721
1.7039506183574	-42.32174297434861
1.7092423904641	-42.19142761568408
1.7145341625708002	-42.061653341829356
1.7198259346775	-41.93240881652093
1.7251177067841998	-41.8036845348216
1.7304094788909001	-41.675472790466756
1.7357012509976	-41.5477676296051
1.7409930231043	-41.42056479637582
1.7462847952109999	-41.29386167304357
1.7515765673177	-41.167657222854515
1.7568683394244	-41.041951905681096
1.7621601115311	-40.916747615435796
1.7674518836378	-40.792047584831295
1.7727436557445	-40.66785632007316
1.7780354278512	-40.54417947840859
1.7833271999579001	-40.42102383547276
1.7886189720646	-40.29839711929935
1.7939107441713	-40.17630796134011
1.7992025162779999	-40.054765776734655
1.8044942883847002	-39.9337806826764
1.8097860604914	-39.81336337324013
1.8150778325981	-39.69352503774788
1.8203696047048	-39.574277251923355
1.8256613768115002	-39.45563187993097
1.8309531489182	-39.337601060770105
1.8362449210249001	-39.220196740239345
1.8415366931316	-39.103431149856796
1.8468284652383002	-38.987316385083645
1.852120237345	-38.8718643100843
1.8574120094517	-38.75708641622716
1.8627037815584	-38.64299401528551
1.8679955536650998	-38.52959787208373
1.8732873257718001	-38.416908264362405
1.8785790978785	-38.30493489298075
1.8838708699852	-38.193686808445804
1.8891626420918999	-38.083172419075936
1.8944544141986002	-37.973399172627566
1.8997461863053	-37.86437389915862
1.905037958412	-37.75610249809766
1.9103297305187	-37.64858991103241
1.9156215026254	-37.54184032579522
1.9209132747321	-37.43585678461908
1.9262050468388001	-37.33064140727096
1.9314968189455	-37.226195306696575
1.9367885910522	-37.122518580856905
1.9420803631589	-37.01961030728596
1.9473721352656002	-36.91746854309076
1.9526639073723	-36.816090330393635
1.957955679479	-36.7154716990533
1.9632474515857	-36.61560769115522
1.9685392236924002	-36.51649238005944
1.9738309957991	-36.418118889448664
1.9791227679058	-36.32047942598188
1.9844145400125	-36.22356531739028
1.9897063121192	-36.12736704240982
1.9949980842259	-36.03187427431942
2.0002898563326	-35.93707592720033
2.0055816284393	-35.842960207637745
2.010873400546	-35.74951466370132
2.0161651726527	-35.65672623120451
2.0214569447593997	-35.56458100240781
2.0267487168661003	-35.47306547230024
2.0320404889728	-35.38216480251287
2.0373322610795	-35.29186434243533
2.0426240331862	-35.20214834211728
2.0479158052929	-35.1130016039995
2.0532075773996	-35.02440847337147
2.0584993495063	-34.93635308055275
2.063791121613	-34.84881980076534
2.0690828937197	-34.761792688136914
2.0743746658264	-34.67525598455369
2.0796664379331	-34.58919399993035
2.0849582100398	-34.50359128908408
2.0902499821465	-34.41843263268653
2.0955417542532	-34.3337036005396
2.1008335263599003	-34.24938808350261
2.1061252984666	-34.165473409232995
2.1114170705733	-34.08194531624322
2.11670884268	-33.99879054170364
2.1220006147867	-33.91599635612775
2.1272923868933997	-33.833550574256805
2.1325841590001002	-33.751441633972775
2.1378759311068	-33.66965860718296
2.1431677032135	-33.588191213425624
2.1484594753202	-33.50702987429282
2.1537512474269	-33.42616570526692
2.1590430195336	-33.345590556537765
2.1643347916403	-33.26529700483916
2.169626563747	-33.18527838338151
2.1749183358537003	-33.105528773688285
2.1802101079604	-33.026043013759505
2.1855018800671	-32.94681669535062
2.1907936521738	-32.86784615853016
2.1960854242805	-32.78912848079526
2.2013771963872	-32.7106614770716
2.2066689684939	-32.63244365889634
2.2119607406006	-32.55447425074499
2.2172525127073004	-32.47675307574353
2.222544284814	-32.399280789686365
2.2278360569207	-32.32205849463464
2.2331278290273997	-32.24508799470327
2.2384196011341	-32.16837148585111
2.2437113732408003	-32.09191186064854
2.2490031453475	-32.01571244976921
2.2542949174542	-31.939777019269002
2.2595866895609	-31.86410976242253
2.2648784616676	-31.78871523985811
2.2701702337743	-31.713598344183012
2.275462005881	-31.638764253724027
2.2807537779877	-31.564218386268166
2.2860455500944004	-31.489966366408954
2.2913373222011	-31.416014052757852
2.2966290943078	-31.342367151542565
2.3019208664144997	-31.269031687364
2.3072126385212	-31.19601374740926
2.3125044106279002	-31.12331920933778
2.3177961827346	-31.050954016116307
2.3230879548413	-30.978923958327844
2.3283797269480004	-30.907234701383
2.3336714990547	-30.83589190252898
2.3389632711614	-30.76490034008521
2.3442550432680997	-30.694265532520816
2.3495468153748003	-30.623992064954383
2.3548385874815003	-30.55408435923617
2.3601303595882	-30.484546505237542
2.3654221316949	-30.415382220033848
2.3707139038016	-30.34659483157764
2.3760056759083	-30.27818724604495
2.381297448015	-30.210161939671938
2.3865892201217	-30.142520934264603
2.3918809922284	-30.075265791756514
2.3971727643351	-30.008397586997432
2.4024645364418	-29.941916915916703
2.4077563085485	-29.875823876475327
2.4130480806551997	-29.810118076829344
2.4183398527619	-29.74479861356072
2.4236316248686003	-29.679864104331045
2.4289233969753	-29.61531265794897
2.434215169082	-29.551141907023894
2.4395069411887	-29.487349002523672
2.4447987132954	-29.423930630101463
2.4500904854021	-29.36088302370141
2.4553822575088	-29.2982019764432
2.4606740296155003	-29.235882865112313
2.4659658017222	-29.173920658323425
2.4712575738289	-29.112309960058646
2.4765493459356	-29.05104500966751
2.4818411180423	-28.99011971179949
2.487132890149	-28.929527666336558
2.4924246622557	-28.86926219832565
2.4977164343624	-28.809316379747838
2.5030082064691004	-28.74968305400853
2.5082999785758	-28.690354884918005
2.5135917506825	-28.631324362133654
2.5188835227892	-28.572583771227478
2.5241752948958998	-28.514125561039794
2.5294670670026003	-28.455941870201112
2.5347588391093	-28.3980247284964
2.540050611216	-28.340366391565134
2.5453423833227	-28.282959060624027
2.5506341554294	-28.225794860697874
2.5559259275361	-28.168866161713996
2.5612176996427998	-28.112165333599684
2.5665094717495	-28.05568505104975
2.5718012438562003	-27.999417795558184
2.5770930159629	-27.943356856797134
2.5823847880696	-27.887495461852563
2.5876765601762997	-27.831826519437218
2.592968332283	-27.776343898825782
2.5982601043897002	-27.72104152643683
2.6035518764964	-27.66591362529308
2.6088436486031	-27.61095474223271
2.6141354207098004	-27.556159756072844
2.6194271928165	-27.50152388033064
2.6247189649232	-27.447042698598096
2.6300107370298997	-27.392712153657538
2.6353025091366002	-27.338528558366125
2.6405942812433003	-27.28448860926157
2.64588605335	-27.211386245981
2.6511778254567	-27.157072101342933
2.6564695975633996	-27.102974349811706
2.6617613696701	-27.049091696125345
2.6670531417768	-26.99542286406982
2.6723449138835	-26.941966580152265
2.6776366859902	-26.888721587206632
2.6829284580969004	-26.83568663350916
2.6882202302036	-26.782860478220623
2.6935120023103	-26.730241891386378
2.6988037744169997	-26.677829653936307
2.7040955465237	-26.625622549521456
2.7093873186304003	-26.57361938084082
2.7146790907371	-26.52181895331455
2.7199708628438	-26.470220083247344
2.7252626349505	-26.418821597828455
2.7305544070572	-26.367622332410548
2.7358461791639	-26.316621127788572
2.7411379512706	-26.265816841084302
2.7464297233773003	-26.21520832941952
2.7517214954840004	-26.16479446624283
2.7570132675907	-26.114574133166265
2.7623050396974	-26.06454621180184
2.7675968118041	-26.014709605530697
2.7728885839108	-25.96506321229169
2.7781803560175002	-25.915605949071644
2.7834721281242	-25.866336735578532
2.7887639002309	-25.817254502404868
2.7940556723376	-25.768358188306596
2.7993474444443	-25.719646734760783
2.804639216551	-25.67111909957134
2.8099309886576997	-25.622774243263308
2.8152227607644003	-25.574611134525153
2.8205145328711	-25.526628747487614
2.8258063049778	-25.478826072608257
2.8310980770845	-25.431202100344656
2.8363898491912	-25.383755826596655
2.8416816212979	-25.33648626359094
2.8469733934046	-25.289392420833043
2.8522651655113	-25.24247332687648
2.8575569376180003	-25.195728004832482
2.8628487097247	-25.14915549413912
2.8681404818314	-25.10275483967673
2.8734322539381	-25.0565250890468
2.8787240260448	-25.01046530073536
2.8840157981515	-24.964574538670725
2.8893075702582	-24.918851874944625
2.8945993423649	-24.87329638436993
2.8998911144716004	-24.82790715808633
2.9051828865783	-24.782683284512398
2.910474658685	-24.737623860230105
2.9157664307916997	-24.69272798998484
2.9210582028984	-24.64799478668542
2.9263499750051003	-24.60342336868292
2.9316417471118	-24.559012857049574
2.9369335192185	-24.514762383742152
2.9422252913252	-24.470671083438578
2.9475170634319	-24.42673810170132
2.9528088355386	-24.382962586813996
2.9581006076453	-24.339343689781344
2.963392379752	-24.295880577934952
2.9686841518587004	-24.252572410442983
2.9739759239654	-24.209418368242712
2.9792676960721	-24.166417624107996
2.9845594681787997	-24.123569367139524
2.9898512402855	-24.08087278371685
2.9951430123922003	-24.038327071104078
3.0004347844989	-23.995931434728732
3.0057265566056	-23.95368507457605
3.0110183287123005	-23.91158720967925
3.016310100819	-23.86963705907155
3.0216018729257	-23.827833841786166
3.0268936450323998	-23.78617678774086
3.0321854171391003	-23.74466513501682
3.0374771892458003	-23.70329812441637
3.0427689613525	-23.66207499674184
3.0480607334592	-23.620995006401238
3.0533525055658997	-23.58005740508144
3.0586442776726	-23.53926145807503
3.0639360497793002	-23.498606430674567
3.069227821886	-23.45809159089377
3.0745195939927	-23.417716217630897
3.0798113660994	-23.377479592505352
3.0851031382061	-23.337380999857682
3.0903949103128	-23.29741973219184
3.0956866824194997	-23.257595082011786
3.1009784545262002	-23.217906352706027
3.1062702266329003	-23.17835285038422
3.1115619987396	-23.138933883877154
3.1168537708463	-23.09964876473675
3.122145542953	-23.060496818120637
3.1274373150597	-23.02147736646529
3.1327290871664	-22.98258973492834
3.1380208592731	-22.94383325955195
3.1433126313798003	-22.90520727909945
3.1486044034865	-22.86671113233414
3.1538961755932	-22.828344166182756
3.1591879476999	-22.790105733014308
3.1644797198066	-22.751995187918933
3.1697714919133	-22.714011891429067
3.1750632640200003	-22.676155204077123
3.1803550361267	-22.638424497280077
3.1856468082334	-22.60081914245492
3.1909385803401	-22.563338513739758
3.1962303524468	-22.525981990714982
3.2015221245535	-22.48874896384555
3.2068138966602	-22.451638818154123
3.2121056687669003	-22.414650944105656
3.2173974408736	-22.377784743049652
3.2226892129803	-22.34103961089333
3.227980985087	-22.304414954428477
3.2332727571937	-22.267910185889143
3.2385645293004	-22.23152471206711
3.2438563014071	-22.19525795063872
3.2491480735138	-22.159109322001434
3.2544398456205004	-22.12307824927387
3.2597316177272	-22.08716416101692
3.2650233898339	-22.051366488512603
3.2703151619406	-22.015684665764095
3.2756069340473	-21.98011812949569
3.2808987061540003	-21.944666327316252
3.2861904782607	-21.90932870139237
3.2914822503674	-21.87410469933289
3.2967740224741005	-21.838993776910097
3.3020657945808	-21.80399538989626
3.3073575666875	-21.7691089967848
3.3126493387941998	-21.7343340615114
3.3179411109009	-21.699670053454035
3.3232328830076003	-21.66511643654839
3.3285246551143	-21.63067269105699
3.333816427221	-21.596338291800084
3.3391081993276996	-21.562112713597912
3.3443999714344	-21.527995447597554
3.3496917435411	-21.49398597678267
3.3549835156478	-21.4600837895792
3.3602752877545	-21.426288382576498
3.3655670598612004	-21.39259924964278
3.3708588319679	-21.359015892809676
3.3761506040746	-21.325537811387683
3.3814423761812997	-21.292164512850707
3.3867341482880002	-21.258895504672655
3.3920259203947003	-21.22573029976972
3.3973176925014	-21.192668416500357
3.4026094646081	-21.159709367780756
3.4079012367148	-21.12685267469052
3.4131930088215	-21.09409786375153
3.4184847809282	-21.061444461485657
3.4237765530349	-21.028891997135933
3.4290683251416003	-20.996440005387637
3.4343600972483004	-20.96408801820494
3.439651869355	-20.931835572994267
3.4449436414617	-20.89968221532547
3.4502354135683997	-20.86762748804726
3.4555271856751	-20.835670939450623
3.4608189577818003	-20.803812115105412
3.4661107298885	-20.772050568744895
3.4714025019952	-20.74038585954461
3.4766942741019	-20.708817538516687
3.4819860462086	-20.67734517300008
3.4872778183153	-20.6459683194492
3.4925695904219998	-20.614686550645274
3.4978613625287003	-20.583499428484995
3.5031531346354	-20.552406531191867
3.5084449067421	-20.52140742610485
3.5137366788488	-20.490501691447463
3.5190284509555	-20.459688905443212
3.5243202230622	-20.42896865447903
3.5296119951689002	-20.39834051405729
3.5349037672756	-20.3678040760072
3.5401955393823004	-20.337358929436824
3.545487311489	-20.307004660733096
3.5507790835957	-20.276740869888638
3.5560708557024	-20.24656714601151
3.5613626278091	-20.21648309453662
3.5666543999158002	-20.18648831273545
3.5719461720225	-20.156582403321757
3.5772379441292	-20.126764974451582
3.5825297162359	-20.097035631559827
3.5878214883426	-20.067393985523662
3.5931132604493	-20.037839649941407
3.5984050325559997	-20.008372238411376
3.6036968046627	-19.978991369974164
3.6089885767694003	-19.94969666094922
3.6142803488761	-19.920487735819414
3.6195721209828	-19.891364213625344
3.6248638930895	-19.862325727013292
3.6301556651962	-19.83337190046613
3.6354474373029	-19.804502361187865
3.6407392094096	-19.775716747267058
3.6460309815163	-19.747014691349996
3.6513227536230004	-19.718395831525246
3.6566145257297	-19.689859800439088
3.6619062978364	-19.66140624706464
3.6671980699430997	-19.633034809490468
3.6724898420498002	-19.60474513396855
3.6777816141565003	-19.57653686675086
3.6830733862632	-19.548409659531664
3.6883651583699	-19.52036316128407
3.6936569304766005	-19.49239702370234
3.6989487025833	-19.464510906644144
3.70424047469	-19.436704461803735
3.7095322467967	-19.408977351759926
3.7148240189034	-19.38132923637039
3.7201157910101004	-19.3537597754928
3.7254075631168	-19.326268639869376
3.7306993352235	-19.298855494800076
3.7359911073301997	-19.271520005584843
3.7412828794369	-19.244261842965905
3.7465746515436003	-19.217080683127765
3.7518664236503	-19.18997619681265
3.757158195757	-19.162948060205068
3.7624499678637005	-19.135995954931794
3.7677417399704	-19.109119554456193
3.7730335120771	-19.082318545847325
3.7783252841837998	-19.055592608010834
3.7836170562905003	-19.028941430736918
3.7889088283972003	-19.00236469565235
3.7942006005039	-18.97586209526847
3.7994923726106	-18.94943331937548
3.8047841447173	-18.923078057763572
3.810075916824	-18.896796002944075
3.8153676889307	-18.870586855591753
3.8206594610374	-18.844450308217937
3.8259512331441003	-18.81838606149737
3.8312430052508	-18.792393816104816
3.8365347773575	-18.766473272715015
3.8418265494642	-18.740624137445003
3.8471183215708997	-18.71484611096953
3.8524100936776002	-18.6891389048479
3.8577018657843003	-18.663502225197142
3.862993637891	-18.637935783576562
3.8682854099977	-18.612439291545467
3.8735771821044	-18.5870124633843
3.8788689542111	-18.561655010652363
3.8841607263178	-18.53636665307239
3.8894524984245	-18.51114710492481
3.8947442705312003	-18.48599609137463
3.9000360426379	-18.460913329423438
3.9053278147446	-18.435898541515083
3.9106195868513	-18.410951452814572
3.915911358958	-18.3860717884869
3.9212031310647	-18.361259276418203
3.9264949031714	-18.336513641773486
3.9317866752781	-18.3118346206023
3.9370784473848004	-18.28722194079078
3.9423702194915	-18.262675332946205
3.9476619915982	-18.238194535839263
3.9529537637049	-18.21377928007724
3.9582455358116	-18.18942930987309
3.9635373079183003	-18.1651443558341
3.968829080025	-18.14092416489438
3.9741208521317	-18.116768473103477
3.9794126242384	-18.09267702467436
3.9847043963451	-18.06864956654114
3.9899961684518	-18.044685840195644
3.9952879405585	-18.020785592571986
4.0005797126652	-17.99694857604655
4.0058714847719	-17.973174534832296
4.0111632568786	-17.949463224026758
4.0164550289853	-17.925814390564042
4.021746801092	-17.90222779226281
4.0270385731987	-17.878703184220583
4.0323303453054	-17.85524031881375
4.0376221174121	-17.83183895658211
4.0429138895187995	-17.808498852623185
4.0482056616255	-17.78521976747678
4.0534974337322005	-17.762001467124968
4.0587892058389	-17.73884370666528
4.0640809779456	-17.715746254800926
4.069372750052301	-17.692708872071712
4.074664522159	-17.66973132990199
4.0799562942657	-17.646813388831564
4.0852480663724	-17.623954823005924
4.0905398384791	-17.601155398407155
4.0958316105858	-17.578414886459605
4.1011233826925	-17.555733061308775
4.1064151547992	-17.533109694379014
4.1117069269058995	-17.510544559815823
4.1169986990126	-17.48803743448583
4.1222904711193005	-17.46558808981339
4.127582243226	-17.443196310828554
4.1328740153327	-17.420861874397954
4.1381657874394	-17.398584557388226
4.1434575595461	-17.376364142108272
4.1487493316528	-17.35420041086701
4.1540411037595	-17.332093151415624
4.1593328758662	-17.310042140620748
4.1646246479729	-17.288047168954705
4.1699164200796	-17.266108024168684
4.1752081921863	-17.244224491292734
4.180499964293	-17.222396358078043
4.1857917363997	-17.200623417718077
4.1910835085064	-17.178905457964017
4.1963752806131	-17.15724227473047
4.201667052719801	-17.13563365576863
4.2069588248265	-17.114079399714225
4.2122505969332	-17.09257929976073
4.2175423690399	-17.071133151822742
4.2228341411466	-17.049740754536007
4.2281259132533	-17.02840190653627
4.23341768536	-17.007116403738124
4.2387094574667	-16.98588404749846
4.2440012295734	-16.964704641895285
4.249293001680099	-16.943577985564353
4.2545847737867994	-16.922503885304817
4.2598765458935	-16.901482139752417
4.2651683180002005	-16.880512558427448
4.2704600901069005	-16.859594948129075
4.2757518622136	-16.838729112935308
4.2810436343203	-16.81791486236645
4.286335406427	-16.797152003221655
4.2916271785337	-16.77644034774236
4.2969189506404	-16.75577970817
4.302210722747101	-16.735169894024867
4.3075024948538	-16.714610717548403
4.3127942669605	-16.694101990982034
4.3180860390672	-16.67364353200948
4.3233778111739	-16.65323515559331
4.3286695832806	-16.63287667941724
4.3339613553872995	-16.612567915722703
4.339253127494	-16.59230868763569
4.344544899600701	-16.572098810118767
4.349836671707401	-16.551938106297936
4.355128443814101	-16.531826393856896
4.3604202159208	-16.511763498642782
4.3657119880275	-16.49174924106045
4.3710037601342	-16.47178344151474
4.3762955322409	-16.451865928573923
4.3815873043476	-16.431996525363992
4.386879076454299	-16.41217505773207
4.392170848561	-16.392401354246424
4.3974626206677	-16.37267523803305
4.4027543927744	-16.35299654310248
4.4080461648811005	-16.333365092580713
4.4133379369878	-16.313780723199432
4.4186297090945	-16.29424326080576
4.4239214812012	-16.27475253941024
4.4292132533079	-16.255308390302282
4.434505025414601	-16.23591064749243
4.4397967975213	-16.216559144991223
4.445088569628	-16.19725371680921
4.4503803417347	-16.17799419967807
4.4556721138414	-16.158780430329486
4.4609638859481	-16.139612245495144
4.466255658054799	-16.120489481906716
4.4715474301614995	-16.101411979017037
4.4768392022682	-16.08237957900006
4.4821309743749005	-16.063392115866336
4.4874227464816006	-16.044449437232085
4.492714518588301	-16.025551382550145
4.498006290695	-16.00669779127333
4.5032980628017	-15.987888511017875
4.5085898349084	-15.969123383957745
4.5138816070151	-15.950402254988036
4.5191733791218	-15.931724969003847
4.5244651512285	-15.913091370900277
4.5297569233352	-15.894501311014698
4.5350486954419	-15.875954636963352
4.5403404675486	-15.857451193641333
4.5456322396553	-15.83899082866488
4.550924011762	-15.820573397813646
4.5562157838687	-15.80219874870387
4.5615075559754	-15.783866731672925
4.566799328082101	-15.765577199779322
4.572091100188801	-15.747330003360444
4.5773828722955	-15.729124998195939
4.5826746444022	-15.710962034623185
4.5879664165089	-15.692840971142974
4.5932581886156	-15.674761663534953
4.5985499607223	-15.656723962136509
4.603841732828999	-15.638727728169558
4.6091335049357	-15.620772817413764
4.6144252770424	-15.602859085648776
4.6197170491491	-15.584986394096523
4.6250088212558005	-15.567154603978937
4.6303005933625	-15.549363568354533
4.6355923654692	-15.531613153887514
4.6408841375759	-15.513903219078676
4.6461759096826	-15.496233625149948
4.6514676817893	-15.478604236044399
4.656759453896001	-15.461014912983957
4.6620512260027	-15.443465519911692
4.6673429981094	-15.425955920770674
4.6726347702161	-15.408485982225113
4.6779265423228	-15.39105556821807
4.6832183144295	-15.373664545413757
4.6885100865361995	-15.356312780476381
4.6938018586429	-15.339000137349013
4.6990936307496005	-15.321726490859271
4.704385402856301	-15.30449170222909
4.709677174963001	-15.287295643564955
4.7149689470697	-15.270138184252206
4.7202607191764	-15.253019196397334
4.7255524912831	-15.235938546664544
4.7308442633898	-15.218896109881458
4.7361360354965	-15.201891758154561
4.7414278076032	-15.184925360869203
4.7467195797099	-15.167996792853003
4.7520113518166	-15.151105928933585
4.7573031239233	-15.134252638496296
4.76259489603	-15.117436804532174
4.7678866681367	-15.100658293705427
4.7731784402434	-15.083916989007093
4.7784702123501	-15.067212759822521
4.7837619844568	-15.050545489142745
4.789053756563501	-15.033915051795397
4.7943455286702	-15.017321328050368
4.7996373007769	-15.000764192735287
4.8049290728836	-14.984243528841192
4.8102208449903	-14.967759211195702
4.815512617097	-14.951311125511005
4.820804389203699	-14.934899146614711
4.826096161310399	-14.91852316021901
4.8313879334171	-14.902183049314933
4.8366797055238	-14.885878691451245
4.8419714776305005	-14.869609969618981
4.847263249737201	-14.853376772251465
4.8525550218439	-14.837178976897457
4.8578467939506	-14.82101647471141
4.8631385660573	-14.80488914324208
4.868430338164	-14.788796873643932
4.873722110270701	-14.772739546186864
4.8790138823774	-14.756717052025328
4.8843056544841	-14.740729276871502
4.8895974265908	-14.724776106437567
4.8948891986975	-14.708857429156836
4.9001809708042	-14.692973136183765
4.9054727429108995	-14.677123110509395
4.9107645150176	-14.661307243288178
4.9160562871243	-14.645525428395711
4.921348059231001	-14.62977755154417
4.926639831337701	-14.61406350388801
4.9319316034444	-14.598383179302823
4.9372233755511	-14.582736466221927
4.9425151476578	-14.567123258520917
4.9478069197645	-14.551543447354245
4.9530986918712	-14.535996926597509
4.958390463977899	-14.520483590126297
4.9636822360846	-14.50500332909507
4.9689740081913	-14.489556042821691
4.974265780298	-14.474141619739488
4.9795575524047	-14.45875996188746
4.9848493245114	-14.443410957698926
4.9901410966181	-14.428094509212897
4.9954328687248	-14.41281051030497
5.0007246408315	-14.397558860293012
5.006016412938201	-14.382339453052612
5.011308185044901	-14.367152187901649
5.0165999571516	-14.35199696415799
5.0218917292583	-14.336873681139506
5.027183501365	-14.321782235442932
5.0324752734717	-14.306722526386135
5.0377670455784	-14.291694456008127
5.0430588176850994	-14.276697926347914
5.0483505897917995	-14.261732834002235
5.0536423618985005	-14.246799081010094
5.0589341340052005	-14.231896572131639
5.064225906111901	-14.217025206684745
5.0695176782186	-14.202184889429555
5.0748094503253	-14.187375519683943
5.080101222432	-14.17259700220806
5.0853929945387	-14.157849244483186
5.0906847666454	-14.143132145827195
5.0959765387521	-14.128445611000238
5.1012683108588	-14.113789547483597
5.1065600829655	-14.099163857316285
5.1118518550722	-14.084568450700727
5.1171436271789	-14.070003229675931
5.1224353992855995	-14.055468101723182
5.1277271713923	-14.040962974323772
5.133018943499	-14.026487754958984
5.138310715605701	-14.012042351110106
5.143602487712401	-13.997626670258427
5.1488942598191	-13.983240619885226
5.1541860319258	-13.968884110192937
5.1594778040325	-13.954557048662842
5.1647695761392	-13.940259348218508
5.1700613482459	-13.925990913620081
5.175353120352599	-13.911751660512264
5.180644892459299	-13.897541493655206
5.185936664566	-13.883360328693607
5.1912284366727	-13.869208075829897
5.1965202087794005	-13.855084647987635
5.2018119808861005	-13.840989952648112
5.2071037529928	-13.82692390545603
5.2123955250995	-13.812886419334946
5.2176872972062	-13.798877407208435
5.2229790693129	-13.784896782000056
5.228270841419601	-13.77094445663337
5.2335626135263	-13.757020346753082
5.238854385633	-13.743124368003897
5.2441461577397	-13.729256430588237
5.2494379298464	-13.715416455593084
5.2547297019531	-13.701604353220866
5.2600214740597995	-13.687820044558554
5.2653132461664995	-13.674063439808585
5.2706050182732005	-13.660334460057928
5.275896790379901	-13.646633020951294
5.281188562486601	-13.632959040854516
5.2864803345933	-13.619312435412304
5.2917721067	-13.6056931229905
5.2970638788067	-13.592101021954939
5.3023556509134	-13.578536050671467
5.3076474230201	-13.564998127505921
5.312939195126799	-13.551487173545285
5.3182309672335	-13.538003107155397
5.3235227393402	-13.524545846702102
5.3288145114469	-13.511115315993514
5.3341062835536	-13.497711430674341
5.3393980556603005	-13.484334117273836
5.344689827767	-13.470983291436703
5.3499815998737	-13.45765887424992
5.3552733719804	-13.444360792242747
5.360565144087101	-13.431088966502164
5.365856916193801	-13.417843315394009
5.3711486883005	-13.404623765447543
5.3764404604072	-13.391430240470882
5.3817322325139	-13.378262658829867
5.3870240046206	-13.365120947053757
5.3923157767273	-13.35200502622953
5.397607548833999	-13.338914825607585
5.4028993209407	-13.325850266274896
5.4081910930474	-13.312811274760728
5.4134828651541005	-13.299797774873191
5.4187746372608006	-13.28680969042041
5.4240664093675	-13.27384694793164
5.4293581814742	-13.260909476657275
5.4346499535809	-13.247997197684299
5.4399417256876	-13.23511004298424
5.4452334977943	-13.222247933644086
5.450525269901	-13.209410798914227
5.4558170420077	-13.196598568045061
5.4611088141144	-13.183811164844704
5.4664005862211	-13.171048521284694
5.4716923583278	-13.158310563894286
5.4769841304344995	-13.145597219202736
5.4822759025412	-13.132908419181582
5.4875676746479	-13.120244090360078
5.492859446754601	-13.10760416470976
5.498151218861301	-13.094988568759884
5.503442990968001	-13.082397234481984
5.5087347630747	-13.06983008840532
5.5140265351814	-13.057287065222562
5.5193183072881	-13.044768094184107
5.5246100793948	-13.032273107261489
5.5299018515015	-13.019802030983966
5.5351936236082	-13.007354802765349
5.5404853957149	-12.994931349134893
5.5457771678216	-12.982531604785274
5.5510689399283	-12.970155504409165
5.5563607120350005	-12.957802974535822
5.5616524841417	-12.945473952579057
5.5669442562484	-12.933168367789266
5.5722360283551	-12.92088615758026
5.5775278004618	-12.908627251202434
5.582819572568501	-12.896391586069603
5.5881113446752	-12.884179094153298
5.5934031167819	-12.871989710146192
5.5986948888886	-12.85982336874096
5.6039866609953	-12.847680001909136
5.609278433102	-12.83555954978567
5.614570205208699	-12.823461944342094
5.6198619773153995	-12.811387120271085
5.6251537494221004	-12.799335017707591
5.6304455215288005	-12.787305565902008
5.635737293635501	-12.775298707710425
5.6410290657422	-12.763314375104375
5.6463208378489	-12.751352505497673
5.6516126099556	-12.739413036304128
5.6569043820623	-12.727495904937552
5.662196154169	-12.715601048811758
5.667487926275701	-12.703728405340557
5.6727796983824	-12.691877911937759
5.6780714704891	-12.680049508738316
5.6833632425958	-12.668243130434899
5.6886550147025	-12.656458719883599
5.6939467868092	-12.64469621177709
5.6992385589159	-12.632955546250319
5.7045303310226	-12.62123666343824
5.7098221031293	-12.6095395034758
5.715113875236001	-12.597864003776811
5.720405647342701	-12.586210104476224
5.7256974194494	-12.574577748430128
5.7309891915561	-12.562966873052336
5.7362809636628	-12.551377418477795
5.7415727357695	-12.539809330283736
5.7468645078762	-12.52826254316283
5.752156279982899	-12.516737002692304
5.7574480520896	-12.50523264900711
5.7627398241963	-12.493749424963337
5.768031596303	-12.482287267974792
5.7733233684097005	-12.470846126339849
5.7786151405164	-12.459425937472313
5.7839069126231	-12.448026644228275
5.7891986847298	-12.436648192184965
5.7944904568365	-12.425290524198466
5.799782228943201	-12.413953580403735
5.8050740010499	-12.402637303656856
5.8103657731566	-12.391341642256199
5.8156575452633	-12.380066536336711
5.82094931737	-12.368811928754482
5.8262410894767	-12.357577767807879
5.8315328615833995	-12.34636399635299
5.8368246336900995	-12.335170554524765
5.8421164057968	-12.32399739334271
5.8474081779035005	-12.31284445566291
5.852699950010201	-12.30171168434146
5.857991722116901	-12.290599027676722
5.8632834942236	-12.279506428524787
5.8685752663303	-12.268433835184018
5.873867038437	-12.257381193231645
5.8791588105437	-12.246348445523758
5.8844505826504	-12.235335543079858
5.8897423547571	-12.224342428756037
5.8950341268638	-12.21336905085066
5.9003258989705	-12.202415357662096
5.9056176710772	-12.191481292046427
5.9109094431839	-12.180566807744304
5.9162012152906	-12.169671844890672
5.9214929873973	-12.158796357226178
5.926784759504	-12.147940287606906
5.932076531610701	-12.137103589773504
5.937368303717401	-12.12628620658206
5.9426600758241	-12.115488089052079
5.9479518479308	-12.104709185481925
5.9532436200375	-12.093949441448828
5.9585353921442	-12.083208813414567
5.9638271642509	-12.072487244235234
5.969118936357599	-12.061784682209193
5.9744107084642994	-12.051101083798228
5.979702480571	-12.040436391858425
5.9849942526777005	-12.02979056013043
5.9902860247844005	-12.01916353691261
5.9955777968911	-12.008555270503326
6.0008695689978	-11.997965717364366
6.0061613411045	-11.987394823072952
6.0114531132112	-11.976842538648594
6.0167448853179	-11.966308815110793
6.022036657424601	-11.955793606200196
6.0273284295313	-11.945296860215164
6.032620201638	-11.934818528175207
6.0379119737447	-11.924358566542104
6.0432037458514	-11.913916920893083
6.0484955179581	-11.903493544968788
6.0537872900647995	-11.893088395230999
6.0590790621715	-11.882701417256946
6.064370834278201	-11.87233256750841
6.069662606384901	-11.861981799726035
6.074954378491601	-11.851649062208185
6.0802461505983	-11.841334311416645
6.085537922705	-11.83103749837092
6.0908296948117	-11.820758576811649
6.0961214669184	-11.810497503200619
6.1014132390251	-11.800254225836191
6.106705011131799	-11.79002870390129
6.1119967832385	-11.779820885694281
6.1172885553452	-11.769630730398084
6.1225803274519	-11.759458186311065
6.1278720995586005	-11.749303215337283
6.1331638716653	-11.739165765775107
6.138455643772	-11.729045796807455
6.1437474158787	-11.71894325945383
6.1490391879854	-11.708858110176017
6.154330960092101	-11.69879030271466
6.1596227321988	-11.688739796252676
6.1649145043055	-11.678706544530714
6.1702062764122	-11.668690501289412
6.1754980485189	-11.658691622990553
6.1807898206256	-11.64870986609592
6.186081592732299	-11.638745187067295
6.1913733648389995	-11.628797542366462
6.1966651369457	-11.618866885734061
6.2019569090524005	-11.608953176353014
6.207248681159101	-11.599056370685103
6.212540453265801	-11.58917642519211
6.2178322253725	-11.579313296335817
6.2231239974792	-11.569466940578007
6.2284157695859	-11.559637317101599
6.2337075416926	-11.549824382368374
6.2389993137993	-11.540028092840117
6.244291085906	-11.530248410420887
6.2495828580127	-11.520485286130187
6.2548746301194	-11.510738681872077
6.2601664022261	-11.501008556829477
6.2654581743328	-11.49129486746417
6.2707499464395	-11.481597572959076
6.2760417185462	-11.471916629775976
6.2813334906529	-11.462251999818934
6.286625262759601	-11.452603639549725
6.291917034866301	-11.442971508151274
6.297208806973	-11.4333555648065
6.3025005790797	-11.423755771419465
6.3077923511864	-11.414172081730808
6.3130841232931	-11.404604463086871
6.3183758953998	-11.395052866507154
6.323667667506499	-11.385517256616856
6.3289594396132	-11.375997595320037
6.3342512117199	-11.36649383635734
6.3395429838266	-11.357005947075102
6.3448347559333005	-11.347533881213966
6.3501265280400006	-11.33807760339913
6.3554183001467	-11.328637072813514
6.3607100722534	-11.319212248640039
6.3660018443601	-11.309803095503904
6.3712936164668	-11.30040956986689
6.376585388573501	-11.291031636354194
6.3818771606802	-11.281669256869879
6.3871689327869	-11.27232238787572
6.3924607048936	-11.262990996718061
6.3977524770003	-11.25367503985868
6.403044249107	-11.244374481922774
6.4083360212136995	-11.235089284814405
6.4136277933204	-11.225819407716493
6.4189195654271005	-11.216564817975373
6.424211337533801	-11.207325472052828
6.429503109640501	-11.198101334574057
6.4347948817472	-11.188892370164256
6.4400866538539	-11.179698540727486
6.4453784259606	-11.170519805446665
6.4506701980673	-11.161356131668132
6.455961970174	-11.152207478574807
6.4612537422807	-11.143073810791886
6.4665455143874	-11.133955092944571
6.4718372864941	-11.124851286936916
6.4771290586008	-11.115762354672986
6.4824208307075	-11.106688263499114
6.4877126028142	-11.09762897531936
6.4930043749209	-11.08858445203778
6.4982961470276	-11.079554661000717
6.5035879191343	-11.070539564112226
6.508879691241001	-11.061539123276367
6.514171463347701	-11.052553308560613
6.5194632354544	-11.04358207914789
6.5247550075611	-11.03462540510567
6.5300467796678	-11.025683242895733
6.5353385517745	-11.016755565306696
6.5406303238812	-11.007842331521477
6.545922095987899	-10.998943511607553
6.5512138680946	-10.990059064747845
6.5565056402013004	-10.981188961009826
6.5617974123080005	-10.972333165018696
6.567089184414701	-10.963491638678514
6.5723809565214	-10.954664349335616
6.5776727286281	-10.945851264336335
6.5829645007348	-10.937052351027015
6.5882562728415	-10.92826756859057
6.593548044948201	-10.91949688709448
6.5988398170549	-10.910740273885077
6.6041315891616	-10.90199769358756
6.6094233612683	-10.89326911354827
6.614715133375	-10.8845544983924
6.6200069054817	-10.875853815466288
6.6252986775883995	-10.867167032116269
6.6305904496951	-10.858494112967545
6.6358822218018	-10.849835025366447
6.641173993908501	-10.841189739380455
6.646465766015201	-10.832558219634764
6.6517575381219	-10.823940430754574
6.6570493102286	-10.815336345528495
6.6623410823353	-10.80674592858173
6.667632854442	-10.798169144539473
6.6729246265487	-10.789605966190338
6.678216398655399	-10.781056358159526
6.6835081707621	-10.772520287793371
6.6887999428688	-10.763997725159346
6.6940917149755	-10.755488634882653
6.6993834870822	-10.746992987030767
6.7046752591889005	-10.73851075167116
6.7099670312956	-10.730041896150171
6.7152588034023	-10.721586385092996
6.720550575509	-10.713144191288249
6.725842347615701	-10.704715282082269
6.731134119722401	-10.69629962482139
6.7364258918291	-10.68789718957309
6.7417176639358	-10.679507946404838
6.7470094360425	-10.67113185994184
6.7523012081492	-10.662768905693842
6.7575929802559	-10.654419048286044
6.7628847523625994	-10.646082255064783
6.7681765244692995	-10.637758501539812
6.7734682965760005	-10.629447752336327
6.7787600686827005	-10.621149980242945
6.784051840789401	-10.61286514988486
6.7893436128961	-10.604593236771825
6.7946353850028	-10.596334208250179
6.7999271571095	-10.588088034387393
6.8052189292162	-10.57985468252981
6.8105107013229	-10.571634128187176
6.8158024734296	-10.56342633870583
6.8210942455363	-10.555231281432109
6.826386017643	-10.547048931875764
6.8316777897497	-10.538879257383133
6.8369695618564	-10.530722230742828
6.8422613339630995	-10.522577822022328
6.8475531060698	-10.514445998567966
6.8528448781765	-10.506326735889495
6.858136650283201	-10.49822000133325
6.863428422389901	-10.490125770408985
6.868720194496601	-10.4820440077419
6.8740119666033	-10.473974691562884
6.87930373871	-10.465917786497133
6.8845955108167	-10.457873268054401
6.8898872829234	-10.449841109023303
6.8951790550301	-10.441821276750174
6.900470827136799	-10.43381374402363
6.9057625992435	-10.425818486353418
6.9110543713502	-10.417835468364743
6.9163461434569005	-10.40986466828849
6.9216379155636005	-10.401906056192137
6.9269296876703	-10.393959604864298
6.932221459777	-10.386025284372447
6.9375132318837	-10.378103067505199
6.9428050039904	-10.370192929772305
6.948096776097101	-10.362294838520103
6.9533885482038	-10.354408769258344
6.9586803203105	-10.346534694775642
6.9639720924172	-10.338672585139472
6.9692638645239	-10.330822415859586
6.9745556366306	-10.3229841597246
6.9798474087372995	-10.315157789523125
6.9851391808439995	-10.307343275322637
6.9904309529507005	-10.29954059263289
6.995722725057401	-10.291749714242497
7.001014497164101	-10.28397061566121
7.0063062692708	-10.276203264235365
7.0115980413775	-10.26844764091699
7.0168898134842	-10.260703713052425
7.0221815855909	-10.252971456151421
7.0274733576976	-10.245250845723731
7.032765129804299	-10.237541854557968
7.038056901911	-10.229844452721606
7.0433486740177	-10.222158621166676
7.0486404461244	-10.214484327239514
7.0539322182311	-10.206821546449873
7.0592239903378005	-10.199170257028644
7.0645157624445	-10.191530429043302
7.0698075345512	-10.1839020380036
7.0750993066579	-10.176285059419287
7.080391078764601	-10.168679463357844
7.085682850871301	-10.161085230771295
7.090974622978	-10.153502331727118
7.0962663950847	-10.145930741735064
7.1015581671914	-10.138370433583749
7.1068499392981	-10.1308213882252
7.1121417114048	-10.123283573005756
7.117433483511499	-10.115756968877443
7.1227252556182	-10.108241548628879
7.1280170277249	-10.100737285048677
7.1333087998316005	-10.093244156367724
7.1386005719383006	-10.085762138095777
7.143892344045	-10.078291203021449
7.1491841161517	-10.07083132665449
7.1544758882584	-10.063382487225791
7.1597676603651	-10.05594465752397
7.1650594324718	-10.048517815779913
7.1703512045785	-10.041101934782237
7.1756429766852	-10.033696992761831
7.1809347487919	-10.026302965228448
7.1862265208986	-10.018919824970704
7.1915182930053	-10.011547552940625
7.1968100651119995	-10.004186119205688
7.2021018372187	-9.996835504717922
7.2073936093254	-9.989495684987082
7.212685381432101	-9.982166635522915
7.217977153538801	-9.974848331835178
7.223268925645501	-9.967540749433622
7.2285606977522	-9.960243866549138
7.2338524698589	-9.952957661412617
7.2391442419656	-9.945682106812672
7.2444360140723	-9.938417183701333
7.249727786179	-9.931162862146078
7.2550195582857	-9.92391912582007
7.2603113303924	-9.916685950233065
7.2656031024991	-9.909463308173676
7.2708948746058	-9.902251180593932
7.2761866467125005	-9.895049543003587
7.2814784188192	-9.887858373633529
7.2867701909259	-9.880677647993513
7.2920619630326	-9.873507347035568
7.2973537351393	-9.866347443548307
7.302645507246001	-9.859197915762623
7.3079372793527	-9.852058741909405
7.3132290514594	-9.844929900219544
7.3185208235661	-9.837811368923932
7.3238125956728	-9.83070312353232
7.3291043677795	-9.8236051422756
7.334396139886199	-9.816517406105804
7.3396879119928995	-9.809439887811541
7.3449796840996004	-9.802372568344843
7.3502714562063005	-9.795315423215465
7.355563228313001	-9.78826843337543
7.3608550004197	-9.781231577055637
7.3661467725264	-9.774204829765832
7.3714385446331	-9.767188172458049
7.3767303167398	-9.760181580642035
7.3820220888465	-9.753185035269826
7.387313860953201	-9.74619851185117
7.3926056330599	-9.739221991338098
7.3978974051666	-9.732255451961501
7.4031891772733	-9.72529887195227
7.40848094938	-9.718352229541297
7.4137727214867	-9.71141550568061
7.4190644935934	-9.704488675879963
7.4243562657001	-9.697571721091384
7.4296480378068	-9.690664616824627
7.434939809913501	-9.683767346752857
7.440231582020201	-9.676879889106969
7.4455233541269	-9.670002219396713
7.4508151262336	-9.663134321295258
7.4561068983403	-9.656276170312356
7.461398670447	-9.649427747400038
7.4666904425537	-9.642589030789193
7.471982214660399	-9.635760001431851
7.4772739867671	-9.628940640280044
7.4825657588738	-9.622130922843521
7.4878575309805	-9.615330830074315
7.4931493030872005	-9.608540340203312
7.4984410751939	-9.601759436903688
7.5037328473006	-9.594988098406326
7.5090246194073	-9.58822630294212
7.514316391514	-9.581474031463104
7.519608163620701	-9.57473126220016
7.524899935727401	-9.567997976105328
7.5301917078341	-9.56127415413063
7.5354834799408	-9.554559777228096
7.5407752520475	-9.54785482362862
7.5460670241542	-9.541159271563094
7.5513587962609	-9.534473107425821
7.5566505683675995	-9.527796304005417
7.5619423404743	-9.52112884769619
7.5672341125810005	-9.514470716729026
7.572525884687701	-9.507821889334823
7.577817656794401	-9.501182349186744
7.5831094289011	-9.494552074515683
7.5884012010078	-9.487931048994806
7.5936929731145	-9.481319248133866
7.5989847452212	-9.474716658327171
7.6042765173279	-9.46812325780561
7.6095682894346	-9.461539027521216
7.6148600615413	-9.454963948426014
7.620151833648	-9.448398001472038
7.6254436057547	-9.441841167611315
7.6307353778614	-9.435293427795877
7.6360271499681	-9.42875476297775
7.6413189220748	-9.422225154108968
7.6466106941815	-9.415704582141556
7.651902466288201	-9.409193030748686
7.657194238394901	-9.402690478161247
7.6624860105016	-9.396196908052408
7.6677777826083	-9.389712301374196
7.673069554715	-9.383236636357507
7.6783613268217	-9.376769899396646
7.6836530989284	-9.370312068722502
7.688944871035099	-9.363863125287107
7.6942366431417994	-9.357423055484764
7.6995284152485	-9.350991837546369
7.7048201873552005	-9.34456945242395
7.7101119594619005	-9.338155883790673
7.715403731568601	-9.331751112598571
7.7206955036753	-9.32535512252081
7.725987275782	-9.318967891788281
7.7312790478887	-9.312589406795292
7.7365708199954	-9.306219645772734
7.741862592102101	-9.29985859511491
7.7471543642088	-9.29350623033158
7.7524461363155	-9.287162540538183
7.7577379084222	-9.280827506686752
7.7630296805289	-9.274501107008176
7.7683214526356	-9.268183325175624
7.7736132247422995	-9.261874147583404
7.778904996849	-9.255573552462405
7.784196768955701	-9.249281523485797
7.789488541062401	-9.242998044326747
7.794780313169101	-9.236723098658425
7.8000720852758	-9.230456664711719
7.8053638573825	-9.224198726159798
7.8106556294892	-9.217949269396971
7.8159474015959	-9.211708275375269
7.8212391737026	-9.205475725046716
7.826530945809299	-9.199251604805623
7.831822717916	-9.193035892882879
7.8371144900227	-9.186828578393932
7.8424062621294	-9.180629636848533
7.8476980342361005	-9.174439057362127
7.8529898063428	-9.168256820886743
7.8582815784495	-9.16208291109555
7.8635733505562	-9.15591730894058
7.8688651226629	-9.149760000816137
7.874156894769601	-9.14361097039539
7.879448666876301	-9.13747019590923
7.884740438983	-9.131337666473103
7.8900322110897	-9.125213363039038
7.8953239831964	-9.119097266559063
7.9006157553031	-9.112989366148627
7.9059075274098	-9.10688964003862
7.9111992995164995	-9.100798074623345
7.9164910716232	-9.094714653575977
7.9217828437299005	-9.088639360569678
7.927074615836601	-9.082572179277621
7.932366387943301	-9.076513090651833
7.93765816005	-9.07046208108662
7.9429499321567	-9.064419136976293
7.9482417042634	-9.058384236551738
7.9535334763701	-9.052357366207264
7.9588252484768	-9.04633851233718
7.9641170205835	-9.040327655893512
7.9694087926902	-9.03432478327057
7.9747005647969	-9.028329875420381
7.9799923369036	-9.022342918737253
7.9852841090103	-9.016363899615493
7.990575881117	-9.010392796285993
7.9958676532237	-9.004429597864196
8.0011594253304	-8.998474288023274
8.0064511974371	-8.992526850436391
8.0117429695438	-8.986587268776717
8.0170347416505	-8.980655526717422
8.0223265137572	-8.97473161065281
8.0276182858639	-8.96881550697719
8.0329100579706	-8.962907196642592
8.0382018300773	-8.957006663322181
8.043493602184	-8.951113896131405
8.0487853742907	-8.945228878743432
8.0540771463974	-8.939351592110292
8.0593689185041	-8.933482025347429
8.0646606906108	-8.927620159406874
8.0699524627175	-8.921765983404072
8.0752442348242	-8.915919478291055
8.0805360069309	-8.910080630462126
8.085827779037599	-8.904249426311592
8.091119551144299	-8.898425849512625
8.096411323251	-8.89260988373839
8.101703095357701	-8.886801518104333
8.106994867464401	-8.881000733562484
8.1122866395711	-8.875207516507151
8.1175784116778	-8.86942185333264
8.1228701837845	-8.86364372771212
8.1281619558912	-8.857873126039893
8.1334537279979	-8.852110034710273
8.138745500104601	-8.846354437396426
8.1440372722113	-8.840606317771517
8.149329044318	-8.834865664950994
8.1546208164247	-8.829132462608026
8.1599125885314	-8.823406694415782
8.1652043606381	-8.817688349489705
8.1704961327448	-8.811977411502962
8.1757879048515	-8.806273866849864
8.1810796769582	-8.800577699203577
8.1863714490649	-8.794888897679547
8.1916632211716	-8.789207443229802
8.1969549932783	-8.78353332769093
8.202246765385	-8.777866532014958
8.2075385374917	-8.772207042596191
8.2128303095984	-8.766554848550077
8.2181220817051	-8.760909930828644
8.223413853811799	-8.755272281268482
8.2287056259185	-8.749641880821612
8.2339973980252	-8.744018715882346
8.2392891701319	-8.738402775566128
8.244580942238601	-8.732794046267264
8.2498727143453	-8.727192508937787
8.255164486452	-8.721598155414277
8.2604562585587	-8.716010969369906
8.2657480306654	-8.710430937198977
8.271039802772101	-8.7048580452958
8.2763315748788	-8.699292277333543
8.2816233469855	-8.693733625148788
8.2869151190922	-8.688182069693566
8.2922068911989	-8.682637602804462
8.2974986633056	-8.677100205433504
8.3027904354123	-8.671569869417278
8.308082207519	-8.666046575707812
8.3133739796257	-8.660530313420551
8.3186657517324	-8.655021071670943
8.3239575238391	-8.649518831411015
8.3292492959458	-8.644023584477353
8.3345410680525	-8.63853531726426
8.3398328401592	-8.633054010723773
8.3451246122659	-8.627579659413607
8.3504163843726	-8.622112244285798
8.3557081564793	-8.616651757176927
8.360999928586	-8.611198179039022
8.3662917006927	-8.605751501708669
8.3715834727994	-8.600311708859039
8.3768752449061	-8.594878789605572
8.3821670170128	-8.589452730342577
8.3874587891195	-8.584033514743224
8.3927505612262	-8.578621137365236
8.3980423333329	-8.573215579160639
8.403334105439601	-8.567816829244883
8.408625877546301	-8.562424874012272
8.413917649653	-8.557039699857112
8.4192094217597	-8.551661295894853
8.4245011938664	-8.546289651240933
8.4297929659731	-8.54092474684739
8.4350847380798	-8.53556657727194
8.4403765101865	-8.530215123466618
8.4456682822932	-8.524870377268003
8.4509600543999	-8.519532325070408
8.4562518265066	-8.514200953268135
8.4615435986133	-8.508876248255492
8.46683537072	-8.503558201869062