2.90812839630827
2.6666355345949606
2.6080249551951096
2.572996472651991
2.535281447218608
2.59450780949143
2.7955172316431494
3.1350033272883993
3.76443978996296
4.702070142494091
5.264375261203225
4.987063290660086
4.585420417064218
4.600881986759465
4.927472056613265
5.452235751439238
6.164460419728602
7.050714697825473
8.06050872617411
9.095707878280718
10.010078129209798
10.650477907236674
10.918681657189701
10.798855842311943
10.346429244202389
2.5860823739664953
2.1173077558431186
2.1617258152595364
2.030325712264114
1.5470926365067874
1.5147704019106283
2.1566380159385727
2.6397643855846713
3.587591967031827
5.130110938669019
6.14798861911705
5.484866480725109
4.415450662602714
4.219326203294605
4.529362010051035
5.080883193790279
5.82761984816709
6.759147252286409
7.862877655395581
9.076975134985762
10.221682186370757
11.06053880783821
11.445693219888112
11.365293585118561
10.897632445498424
2.680503037977787
2.2845351372714124
2.0226278479195354
1.667579744979982
0.22872489568889254
0.
1.5545571062927577
2.1350722348114823
3.02973430450164
4.577575195943925
6.669936909183597
6.122730396666519
3.9709921718772803
3.689178426758834
3.9988680686355638
4.5288183396243085
5.213002963571382
6.051566910811868
7.130231858822637
8.495828049203979
9.927247391715339
11.032953317964342
11.576429069634841
11.563239229555819
11.116023294888585
3.041267391618768
2.58905676616564
2.179952731335555
1.7647539422927356
1.0748612114924176
0.8962785940315561
1.4213911042348109
1.7401280419969316
2.2639424735538074
3.1196916330464983
4.497179218302279
4.345817430192945
3.1225300710134736
3.0871268848727182
3.406302956829564
3.8667881574225254
4.400740444172933
5.030818587483693
5.983022981845704
7.455425369702721
9.17986211734203
10.569620749428257
11.279741322946943
11.344583051293908
10.94665478061929
3.4762972510291554
3.033177992026021
2.564738577477965
2.1129999521062777
1.7419376479984527
1.5390820914603744
1.52164027107034
1.6274403710378573
1.8395054234171107
2.1228503152234732
2.377430728734242
2.4221916496656437
2.411593069500929
2.5821881981263286
2.8803408388001355
3.251534163455215
3.631240272071463
4.076964258599151
4.913698032083648
6.422871472394015
8.297427133797594
9.834368154645947
10.629991715624309
10.74523786887151
10.407896815806703
3.9584909241158908
3.5865517859872313
3.1477302764399275
2.697028023099165
2.309787243383077
2.043323311699339
1.9108025995941462
1.8886233369223304
1.9411031384179824
2.020122743360749
2.067069285901988
2.086070325736906
2.2582746943841143
2.4043724317831665
2.5779698171859127
2.8774588118177995
3.176786073270472
3.5695107267214152
4.376380136096668
5.826978818961026
7.599632675279819
9.034169193607493
9.765233978977264
9.87027964322555
9.585968938567179
4.540586728822499
4.273543536439705
3.903874083442598
3.4936829945470955
3.1221386833339393
2.839949032136805
2.661712727502524
2.5974695579627687
2.6569013713113705
2.7482591816177178
2.6862570707577738
2.483415185612304
2.414202301019462
2.473291178506483
2.638037928274702
2.8988538098235566
3.181152714233393
3.5457562798752265
4.405493019231239
5.69679838384009
7.159192290175342
8.286499356364702
8.818463792787558
8.849469304099745
8.60156592061737
5.271792816975313
5.0954440602914275
4.755421103764808
4.371061165776997
4.068400454584249
3.876888525328117
3.7797922337816754
3.842443197242316
4.171526608976443
4.5399514867842985
4.38661772740447
3.712828075137689
3.15069451646542
3.006375465705541
3.1383121746687435
3.377159898331352
3.478382912624178
1.9836764310791377
4.6275839110175125
5.863405089075056
6.909400149201409
7.628968904561443
7.8801862227607335
7.789266507095851
7.565003725925727
6.17946335712986
5.990700932884234
5.499885150001558
5.030696051379575
4.882805912901794
5.002589741726716
5.204318121693096
5.566068900659699
6.309982901195584
7.05443409382001
6.806590398714816
5.567755643206486
4.459604798721123
4.032367854754728
4.05478425964164
4.255695766859642
4.481990506229505
4.284776978358916
5.442117858386975
6.191414841700072
6.7844069447964355
7.067203032115626
7.003199482192212
6.76635231541294
6.564401646508808
7.242328463765611
6.850333496321092
5.900268605516618
5.152568739483916
5.278903923559256
6.026265064636396
6.7851069501112615
7.4917932235011735
8.410801739618595
9.17817076224324
8.799395696000554
7.330475791073265
5.986923069681467
5.373757653573305
5.26510713638539
5.377081712579052
5.590102742706162
5.873763321059745
6.218739593601905
6.547687556236589
6.716874533148932
6.606396389758292
6.258992820996317
5.892594712243197
5.717950117166438
8.384045009247089
7.699632997790635
6.1761882625940565
5.092375769061837
5.5352638294845455
7.008821457728764
8.394212623013312
9.376838356015721
10.155050849299455
10.549561491622626
10.022056343516901
8.7264813660321
7.522365511785848
6.851936261146392
6.5937702749053715
6.5507394318450185
6.610122463276447
6.709383228058133
6.80215627852769
6.8161453283900775
6.663716158776582
6.295922127576275
5.793505057419115
5.371470011831986
5.217458758556907
9.426167384761262
8.672856218457406
7.000463261402587
5.887076691636063
6.503667636440975
8.278053938968803
9.956410673700095
11.07635507828268
11.695828859649474
11.757397746440365
11.137306845547936
10.059688268786351
9.018613467139534
8.289665835665796
7.854363754660961
7.607074116968874
7.426086294797215
6.883517224509513
7.178524955118319
6.956944103687648
6.636288051006114
6.227076925437409
5.796702496231099
5.448880676068993
5.274916858299147
9.977552556425465
9.500102070329685
8.344556908189622
7.689073310952965
8.314515927933593
9.801451822123894
11.283073727450796
12.354121991081248
12.916638921351872
12.888430510471544
12.282435788125838
11.321694646978527
10.325852052975634
9.498945997322409
8.87889400577218
8.415163817158167
8.038585928785952
7.6922933279947365
7.342045032600776
6.9853359846993985
6.668085274646342
6.476566173747244
6.413450252576984
6.302442466669869
6.022184856604435
9.622914838299668
9.519803416255987
9.248389990144496
9.401458902449882
10.087680721414593
11.08642444568893
12.125413786902772
12.995735469894043
13.5135380346405
13.534582572967771
13.048523830405834
12.208649171213166
11.243920954193293
10.33436728265189
9.554425771911523
8.896452116551874
8.321436734887147
7.79723879969125
7.326547009569945
6.96803164507414
6.7963440973830584
7.000101834538803
7.527119141662762
7.77156498142266
7.3047621801987255
8.504126870445155
8.651673086280004
9.247665856391002
10.293298946715694
11.193575434031972
11.82464424492219
12.417863706759924
13.004042972027687
13.426244330906272
13.532054542197248
13.24689233117562
12.597993538545648
11.713920694795494
10.761271771495238
9.859223730422723
9.049469586736635
8.32806119517192
7.696125869768503
7.263997221892521
7.644109773495688
7.525321041411399
7.5629727692558015
8.52324588178276
9.058451143323943
8.461620615852176
7.476499386522285
7.823634545374425
8.99349133972554
10.599959313189473
11.65014884933985
12.048747386291065
12.27975546326981
12.555359855181997
12.835432098179993
13.02850629015536
12.996926787270226
12.598953189172537
11.835555060725934
10.867647618945561
9.877253188847494
8.963967920451129
8.158553195735786
7.493741610686281
7.201677390645206
8.516187595761313
8.370551335960268
7.854869281715009
8.30152067020575
8.953547631790812
8.844491201501064
7.203160757580999
7.809920097447215
9.137896037485811
10.715468459567992
11.661270135132508
11.901004742381975
11.851231404417067
11.85069818972714
12.049789687928051
12.355062999641792
12.584503414627738
12.443242268168135
11.803269294788134
10.828048929088844
9.771792530475714
8.795417124433303
7.96242098062865
7.3164539576706105
6.993218585160509
7.1993803972110335
7.436105612455118
7.9541844676978615
7.4899019299393945
8.06243171449058
8.726554571336727
7.433159490546443
8.259564535887655
9.6913980621996
10.710659623954143
11.421535772756283
11.542659384258348
11.198240895866444
11.023907245605958
11.450367684072003
11.971295789005046
12.387048914761017
12.399752001618861
11.818368539971155
10.815992661631475
9.70207576616378
8.688030216307961
7.866933099423738
7.283551400040388
6.980757534513754
6.996873199989928
7.32888170550963
8.323712671433645
9.70927422101082
9.740955683044284
8.722796986820534
7.615961801704184
8.522232879603573
9.94996927296712
10.549700248669371
11.093976711245752
11.192529368804863
10.85197439446084
10.819869089786327
11.54333142362935
12.2257831811298
12.654236183647814
12.61462213364657
11.96071475038542
10.885354860205403
9.713351557823083
8.676113651358776
7.884380481580203
7.382768668582683
7.168719578880936
7.204788536737263
7.482585870158047
8.195055254751907
9.23028859696349
9.250634917343628
8.504050632404056
7.549763563654038
8.440441010350437
9.420815615972751
10.25980521234118
10.756230351284543
10.954710147485555
11.084138283535179
11.533133448267701
12.335793031644542
12.984977985479109
13.246120444543784
12.960102653329336
12.10653811945604
10.912909125611863
9.687458601486835
8.641256751738544
7.874670651759795
7.434881901763703
7.296555974258364
7.344962595536359
7.487702279600857
7.753536583551411
8.117168094286493
8.246916871182634
8.08025083098854
7.284867657441609
8.121784621296209
9.07795383116304
9.925186911198487
10.464914170360345
10.805239020291875
11.313442482218377
12.174551863302604
13.120982278396944
13.716652461345195
13.729933848766397
13.120163011965179
12.01060029302327
10.678999431661293
9.422676949211738
8.403546804589407
7.667275191117987
7.259813190750117
7.167691666853151
7.213497037806178
7.227980421354696
7.236853107271283
7.3350876572395896
7.477523234030857
7.528628923446238
6.960829687474516
7.723975744434803
8.654821439222356
9.578193429172984
10.286022415707444
10.84733906411201
11.580052697606877
12.592788732666891
13.547128950506824
14.
13.754661823548577
12.856905901368483
11.513468000605116
10.059030915769558
8.816316374360234
7.909135872970671
7.276895978253646
6.918044462850805
6.84439665450479
6.870643604149333
6.791436557058837
6.6507361148608695
6.625049685598151
6.753549328258408
6.898959110729581
6.77097817359501
7.667008229726111
8.282348625706934
9.253382666651994
10.155409915042771
10.95621021961615
11.808508558637914
12.742305188473846
13.485761407033483
13.703123970132538
13.249497828471913
12.176957908634098
10.697929447337437
9.136816238124275
7.80847109564672
7.188720727371253
6.888814296405254
6.644790194141385
6.561201621873945
6.525147030882637
6.378298248487834
6.170029602430214
6.078650333718616
6.170692740673436
6.340790386410786
6.6570171686622945
7.255839807708769
7.9937159098323
8.932685564318971
9.911441455829088
10.827263360730882
11.673304275665672
12.41775137927964
12.892829009215358
12.903134554640488
12.35504392093269
11.275639959161177
9.829259163628446
8.054429955363876
5.9796243589315825
6.015599172413528
6.592839609030927
6.521832508578829
6.403894044838553
6.280565972303589
6.0873640843326156
5.870798487772136
5.755823910270873
5.798967747413269
5.937128672149843
6.626278749367241
7.1008831157564165
7.750991824798318
8.577509919768588
9.485848890346592
10.34462071587679
11.074551112489154
11.62017543959858
11.891514218895894
11.793908505327817
11.27647373635678
10.35289258493072
9.140889004941286
7.609568470463545
5.724931757912536
5.864887353942597
6.499761947865226
6.444460155313817
6.279190685645331
6.093359110236803
5.885824933449717
5.6919081053985225
5.579248199696504
5.583659447202882
5.675311819300221