-60.	305.4319196054547
-59.94	304.9695466325025
-59.88	304.50740732426
-59.82	304.0455017989887
-59.76	303.5838301751304
-59.7	303.1223925713071
-59.64	302.6611891063213
-59.58	302.200219899157
-59.52	301.7394850689798
-59.46	301.2789847351373
-59.4	300.8187190171598
-59.34	300.3586880347608
-59.28	299.898891907837
-59.22	299.4393307564694
-59.16	298.9800047009234
-59.1	298.5209138616492
-59.04	298.0620583592827
-58.98	297.6034383146453
-58.92	297.1450538487453
-58.86	296.6869050827774
-58.8	296.2289921381238
-58.74	295.7713151363546
-58.68	295.313874199228
-58.62	294.8566694486913
-58.56	294.3997010068809
-58.5	293.9429689961228
-58.44	293.4864735389336
-58.38	293.0302147580206
-58.32	292.5741927762821
-58.26	292.1184077168083
-58.2	291.6628597028818
-58.14	291.2075488579777
-58.08	290.7524753057645
-58.02	290.2976391701045
-57.96	289.8430405750542
-57.9	289.3886796448648
-57.84	288.9345565039829
-57.78	288.4806712770509
-57.72	288.0270240889075
-57.66	287.5736150645881
-57.6	287.1204443293257
-57.54	286.667512008551
-57.48	286.214818227893
-57.42	285.7623631131798
-57.36	285.3101467904389
-57.3	284.8581693858977
-57.24	284.4064310259842
-57.18	283.9549318373272
-57.12	283.5036719467573
-57.06	283.0526514813073
-57.	282.6018705682122
-56.94	282.1513293349105
-56.88	281.7010279090444
-56.82	281.2509664184603
-56.76	280.8011449912093
-56.7	280.3515637555482
-56.64	279.9022228399392
-56.58	279.4531223730514
-56.52	279.0042624837607
-56.46	278.5556433011505
-56.4	278.1072649545125
-56.34	277.659127573347
-56.28	277.2112312873635
-56.22	276.7635762264815
-56.16	276.3161625208305
-56.1	275.8689903007514
-56.04	275.4220596967963
-55.98	274.9753708397295
-55.92	274.5289238605278
-55.86	274.0827188903816
-55.8	273.6367560606949
-55.74	273.191035503086
-55.68	272.7455573493883
-55.62	272.3003217316509
-55.56	271.8553287821389
-55.5	271.410578633334
-55.44	270.9660714179357
-55.38	270.5218072688611
-55.32	270.0777863192458
-55.26	269.6340087024447
-55.2	269.1904745520325
-55.14	268.747184001804
-55.08	268.3041371857751
-55.02	267.8613342381834
-54.96	267.4187752934884
-54.9	266.9764604863725
-54.84	266.5343899517417
-54.78	266.0925638247255
-54.72	265.6509822406786
-54.66	265.2096453351808
-54.6	264.7685532440376
-54.54	264.3277061032812
-54.48	263.8871040491709
-54.42	263.4467472181938
-54.36	263.0066357470654
-54.3	262.5667697727303
-54.24	262.1271494323628
-54.18	261.6877748633674
-54.12	261.2486462033797
-54.06	260.8097635902672
-54.	260.3711271621291
-53.94	259.932737057298
-53.88	259.4945934143401
-53.82	259.0566963720554
-53.76	258.6190460694794
-53.7	258.1816426458829
-53.64	257.7444862407728
-53.58	257.3075769938932
-53.52	256.8709150452257
-53.46	256.43450053499
-53.4	255.998333603645
-53.34	255.562414391889
-53.28	255.1267430406607
-53.22	254.6913196911399
-53.16	254.2561444847478
-53.1	253.8212175631482
-53.04	253.3865390682478
-52.98	252.9521091421972
-52.92	252.5179279273914
-52.86	252.0839955664705
-52.8	251.6503122023206
-52.74	251.2168779780742
-52.68	250.7836930371111
-52.62	250.3507575230592
-52.56	249.9180715797952
-52.5	249.4856353514448
-52.44	249.0534489823844
-52.38	248.6215126172409
-52.32	248.1898264008929
-52.26	247.7583904784714
-52.2	247.3272049953604
-52.14	246.8962700971976
-52.08	246.4655859298755
-52.02	246.0351526395418
-51.96	245.6049703726001
-51.9	245.1750392757108
-51.84	244.7453594957921
-51.78	244.3159311800201
-51.72	243.8867544758302
-51.66	243.4578295309176
-51.6	243.029156493238
-51.54	242.6007355110084
-51.48	242.172566732708
-51.42	241.7446503070789
-51.36	241.3169863831268
-51.3	240.8895751101219
-51.24	240.4624166375995
-51.18	240.0355111153611
-51.12	239.6088586934749
-51.06	239.1824595222767
-51.	238.7563137523706
-50.94	238.3304215346302
-50.88	237.9047830201988
-50.82	237.4793983604905
-50.76	237.0542677071913
-50.7	236.6293912122593
-50.64	236.2047690279261
-50.58	235.7804013066971
-50.52	235.356288201353
-50.46	234.9324298649498
-50.4	234.5088264508202
-50.34	234.0854781125744
-50.28	233.6623850041007
-50.22	233.2395472795664
-50.16	232.8169650934188
-50.1	232.3946386003861
-50.04	231.9725679554778
-49.98	231.5507533139861
-49.92	231.1291948314864
-49.86	230.7078926638383
-49.8	230.2868469671866
-49.74	229.8660578979619
-49.68	229.4455256128815
-49.62	229.0252502689506
-49.56	228.6052320234628
-49.5	228.1854710340012
-49.44	227.7659674584392
-49.38	227.3467214549415
-49.32	226.9277331819649
-49.26	226.5090027982591
-49.2	226.090530462868
-49.14	225.6723163351301
-49.08	225.2543605746796
-49.02	224.8366633414477
-48.96	224.419224795663
-48.9	224.0020450978524
-48.84	223.5851244088427
-48.78	223.1684628897606
-48.72	222.7520607020344
-48.66	222.3359180073947
-48.6	221.9200349678751
-48.54	221.5044117458135
-48.48	221.0890485038529
-48.42	220.6739454049421
-48.36	220.2591026123373
-48.3	219.8445202896025
-48.24	219.4301986006106
-48.18	219.0161377095446
-48.12	218.6023377808983
-48.06	218.1887989794774
-48.	217.7755214704004
-47.94	217.3625054191
-47.88	216.9497509913234
-47.82	216.5372583531338
-47.76	216.1250276709114
-47.7	215.7130591113541
-47.64	215.3013528414789
-47.58	214.8899090286225
-47.52	214.4787278404427
-47.46	214.0678094449193
-47.4	213.6571540103549
-47.34	213.2467617053764
-47.28	212.8366326989356
-47.22	212.4267671603105
-47.16	212.0171652591064
-47.1	211.6078271652566
-47.04	211.1987530490238
-46.98	210.7899430810012
-46.92	210.3813974321133
-46.86	209.973116273617
-46.8	209.5650997771031
-46.74	209.1573481144969
-46.68	208.7498614580595
-46.62	208.3426399803888
-46.56	207.9356838544206
-46.5	207.52899325343
-46.44	207.1225683510322
-46.38	206.7164093211837
-46.32	206.3105163381832
-46.26	205.9048895766733
-46.2	205.499529211641
-46.14	205.0944354184192
-46.08	204.6896083726877
-46.02	204.2850482504746
-45.96	203.8807552281571
-45.9	203.4767294824626
-45.84	203.0729711904706
-45.78	202.6694805296128
-45.72	202.266257677675
-45.66	201.8633028127983
-45.6	201.4606161134799
-45.54	201.0581977585743
-45.48	200.656047927295
-45.42	200.2541667992151
-45.36	199.8525545542689
-45.3	199.4512113727529
-45.24	199.0501374353274
-45.18	198.6493329230169
-45.12	198.2487980172123
-45.06	197.8485328996714
-45.	197.4485377525207
-44.94	197.0488127582562
-44.88	196.6493580997449
-44.82	196.250173960226
-44.76	195.8512605233121
-44.7	195.4526179729906
-44.64	195.0542464936249
-44.58	194.6561462699557
-44.52	194.2583174871022
-44.46	193.8607603305636
-44.4	193.4634749862201
-44.34	193.0664616403348
-44.28	192.669720479554
-44.22	192.2732516909096
-44.16	191.8770554618198
-44.1	191.4811319800906
-44.04	191.085481433917
-43.98	190.6901040118848
-43.92	190.2949999029713
-43.86	189.9001692965471
-43.8	189.5056123823774
-43.74	189.1113293506233
-43.68	188.7173203918432
-43.62	188.3235856969942
-43.56	187.9301254574335
-43.5	187.5369398649197
-43.44	187.1440291116145
-43.38	186.7513933900838
-43.32	186.3590328932992
-43.26000000000001	185.9669478146395
-43.2	185.575138347892
-43.14	185.1836046872542
-43.08	184.7923470273349
-43.02	184.4013655631562
-42.96	184.0106604901542
-42.90000000000001	183.6202320041811
-42.84	183.2300803015063
-42.78	182.8402055788183
-42.72	182.4506080332258
-42.66	182.0612878622592
-42.6	181.6722452638725
-42.54	181.2834804364444
-42.48	180.8949935787801
-42.42	180.5067848901126
-42.36	180.1188545701044
-42.3	179.731202818849
-42.24	179.3438298368726
-42.18	178.9567358251353
-42.12	178.5699209850331
-42.06	178.183385518399
-42.	177.7971296275051
-41.94	177.4111535150639
-41.88	177.0254573842299
-41.82	176.6400414386014
-41.76000000000001	176.2549058822217
-41.7	175.8700509195813
-41.64	175.4854767556191
-41.58	175.1011835957243
-41.52	174.7171716457378
-41.46	174.3334411119541
-41.40000000000001	173.9499922011229
-41.34	173.5668251204506
-41.28	173.1839400776023
-41.22	172.8013372807033
-41.16	172.4190169383408
-41.1	172.0369792595657
-41.04	171.6552244538941
-40.98	171.2737527313096
-40.92	170.8925643022643
-40.86	170.5116593776809
-40.8	170.1310381689546
-40.74	169.7507008879548
-40.68	169.3706477470266
-40.62	168.9908789589928
-40.56	168.6113947371558
-40.5	168.2321952952992
-40.44	167.8532808476897
-40.38	167.4746516090791
-40.32	167.0963077947057
-40.26000000000001	166.7182496202965
-40.2	166.3404773020691
-40.14	165.9629910567332
-40.08	165.5857911014928
-40.02	165.208877654048
-39.96	164.832250932597
-39.90000000000001	164.4559111558375
-39.84	164.0798585429693
-39.78	163.7040933136958
-39.72	163.3286156882261
-39.66	162.9534258872769
-39.6	162.5785241320744
-39.54	162.2039106443564
-39.48	161.829585646374
-39.42	161.455549360894
-39.36	161.0818020112005
-39.3	160.7083438210972
-39.24	160.3351750149093
-39.18	159.9622958174856
-39.12	159.5897064542003
-39.06	159.2174071509553
-39.	158.8453981341822
-38.94	158.4736796308446
-38.88	158.1022518684396
-38.82	157.7311150750005
-38.76000000000001	157.3602694790985
-38.7	156.9897153098452
-38.64	156.6194527968943
-38.58	156.2494821704442
-38.52	155.8798036612398
-38.46	155.5104175005748
-38.40000000000001	155.141323920294
-38.34	154.7725231527951
-38.28	154.4040154310315
-38.22	154.035800988514
-38.16	153.6678800593134
-38.1	153.3002528780624
-38.04	152.9329196799581
-37.98	152.5658807007642
-37.92	152.1991361768134
-37.86	151.8326863450093
-37.8	151.4665314428294
-37.74	151.1006717083266
-37.68	150.735107380132
-37.62	150.3698386974576
-37.56	150.0048659000976
-37.5	149.640189228432
-37.44	149.2758089234281
-37.38	148.9117252266433
-37.32	148.5479383802274
-37.26000000000001	148.1844486269251
-37.2	147.8212562100783
-37.14	147.4583613736288
-37.08	147.0957643621204
-37.02	146.733465420702
-36.96	146.3714647951293
-36.90000000000001	146.009762731768
-36.84	145.6483594775958
-36.78	145.2872552802055
-36.72	144.9264503878071
-36.66	144.5659450492305
-36.6	144.2057395139283
-36.54	143.845834031978
-36.48	143.486228854085
-36.42	143.1269242315849
-36.36	142.7679204164465
-36.3	142.4092176612744
-36.24	142.0508162193113
-36.18	141.6927163444411
-36.12	141.3349182911915
-36.06	140.9774223147367
-36.	140.6202286709002
-35.94	140.2633376161575
-35.88	139.9067494076389
-35.82	139.5504643031323
-35.76000000000001	139.194482561086
-35.7	138.8388044406115
-35.64	138.4834302014866
-35.58	138.1283601041578
-35.52	137.7735944097436
-35.46	137.4191333800371
-35.40000000000001	137.0649772775091
-35.34	136.711126365311
-35.28	136.3575809072777
-35.22	136.0043411679307
-35.16	135.6514074124807
-35.1	135.2987799068314
-35.04	134.9464589175814
-34.98	134.5944447120284
-34.92	134.2427375581713
-34.86	133.8913377247139
-34.8	133.5402454810679
-34.74	133.1894610973558
-34.68	132.8389848444141
-34.62	132.4888169937965
-34.56	132.1389578177772
-34.5	131.7894075893539
-34.44	131.4401665822512
-34.38	131.0912350709237
-34.32	130.7426133305591
-34.26000000000001	130.3943016370819
-34.2	130.0463002671564
-34.14	129.6986094981901
-34.08	129.351229608337
-34.02	129.0041608765009
-33.96	128.6574035823391
-33.90000000000001	128.3109580062653
-33.84	127.9648244294535
-33.78	127.619003133841
-33.72	127.2734944021324
-33.66	126.9282985178026
-33.6	126.5834157651007
-33.54000000000001	126.238846429053
-33.48	125.8945907954672
-33.42	125.5506491509356
-33.36	125.2070217828387
-33.3	124.8637089793492
-33.24	124.5207110294351
-33.18	124.1780282228636
-33.12	123.8356608502051
-33.06	123.4936092028364
-33.	123.1518735729448
-32.94	122.8104542535319
-32.88	122.4693515384171
-32.82	122.1285657222416
-32.76000000000001	121.7880971004724
-32.7	121.4479459694058
-32.64	121.1081126261717
-32.58	120.7685973687372
-32.52	120.4294004959107
-32.46	120.090522307346
-32.40000000000001	119.7519631035458
-32.34	119.4137231858663
-32.28	119.0758028565212
-32.22	118.7382024185853
-32.16	118.4009221759991
-32.1	118.0639624335727
-32.04000000000001	117.72732349699
-31.98	117.3910056728129
-31.92	117.0550092684857
-31.86	116.7193345923389
-31.8	116.383981953594
-31.74	116.0489516623674
-31.68	115.714244029675
-31.62	115.3798593674365
-31.56	115.0457979884796
-31.5	114.7120602065446
-31.44	114.378646336289
-31.38	114.0455566932917
-31.32	113.7127915940577
-31.26	113.3803513560225
-31.2	113.0482362975569
-31.14	112.7164467379712
-31.08	112.3849829975206
-31.02	112.0538453974089
-30.96	111.723034259794
-30.9	111.3925499077922
-30.84	111.0623926654832
-30.78	110.7325628579148
-30.72	110.4030608111078
-30.66	110.0738868520607
-30.6	109.7450413087549
-30.54	109.4165245101595
-30.48	109.088336786236
-30.42	108.7604784679439
-30.36	108.4329498872454
-30.3	108.1057513771103
-30.24	107.7788832715215
-30.18	107.45234590548
-30.12	107.1261396150101
-30.06	106.8002647371645
-30.	106.4747216100298
-29.94	106.1495105727318
-29.88	105.8246319654405
-29.82	105.5000861293759
-29.76	105.1758734068133
-29.7	104.8519941410886
-29.64	104.5284486766039
-29.58	104.2052373588334
-29.52	103.8823605343281
-29.46	103.5598185507225
-29.4	103.2376117567395
-29.34	102.9157405021964
-29.28	102.5942051380105
-29.22	102.2730060162052
-29.16	101.9521434899154
-29.1	101.6316179133938
-29.04	101.3114296420166
-28.98	100.9915790322894
-28.92	100.6720664418534
-28.86	100.3528922294913
-28.8	100.0340567551337
-28.74	99.71556037986468
-28.68	99.39740346592851
-28.62	99.07958637673572
-28.56	98.76210947686935
-28.5	98.4449731320913
-28.44	98.1281777093488
-28.38	97.8117235767807
-28.32	97.49561110372403
-28.26	97.1798406607206
-28.2	96.86441261952344
-28.14	96.5493273531035
-28.08	96.23458523565639
-28.02	95.92018664260899
-27.96	95.60613195062638
-27.9	95.29242153761852
-27.84	94.97905578274734
-27.78	94.66603506643342
-27.72	94.35335977036327
-27.66	94.04103027749628
-27.6	93.72904697207166
-27.54	93.41741023961591
-27.48	93.10612046694985
-27.42	92.79517804219588
-27.36	92.48458335478544
-27.3	92.17433679546639
-27.24	91.86443875631028
-27.18	91.55488963072014
-27.12	91.24568981343791
-27.06	90.93683970055196
-27.	90.62833968950504
-26.94	90.32019017910188
-26.88	90.01239156951707
-26.82	89.70494426230279
-26.76	89.39784866039702
-26.7	89.09110516813141
-26.64	88.78471419123924
-26.58	88.47867613686381
-26.52	88.17299141356653
-26.46	87.86766043133508
-26.4	87.562683601592
-26.34	87.25806133720295
-26.28	86.95379405248514
-26.22	86.64988216321605
-26.16	86.34632608664199
-26.1	86.04312624148667
-26.04	85.74028304796017
-25.98	85.4377969277677
-25.92	85.13566830411841
-25.86	84.83389760173458
-25.8	84.53248524686059
-25.74	84.23143166727194
-25.68	83.93073729228472
-25.62	83.63040255276479
-25.56	83.33042788113703
-25.5	83.03081371139503
-25.44	82.73156047911049
-25.38	82.43266862144292
-25.32	82.13413857714916
-25.26	81.83597078659346
-25.2	81.53816569175715
-25.14	81.24072373624857
-25.08	80.94364536531329
-25.02	80.64693102584413
-24.96	80.35058116639129
-24.9	80.05459623717288
-24.84	79.75897669008519
-24.78	79.46372297871308
-24.72	79.16883555834078
-24.66	78.87431488596249
-24.6	78.58016142029296
-24.54	78.28637562177869
-24.48	77.99295795260868
-24.42	77.69990887672546
-24.36	77.40722885983639
-24.3	77.1149183694249
-24.24	76.8229778747617
-24.18	76.53140784691642
-24.12	76.24020875876916
-24.06	75.94938108502199
-24.	75.65892530221095
-23.94	75.36884188871786
-23.88	75.07913132478219
-23.82	74.78979409251336
-23.76	74.50083067590285
-23.7	74.21224156083658
-23.64	73.92402723510722
-23.58	73.63618818842694
-23.52	73.34872491244002
-23.46	73.06163790073548
-23.4	72.77492764886025
-23.34	72.4885946543321
-23.28	72.20263941665265
-23.22	71.91706243732088
-23.16	71.63186421984647
-23.1	71.34704526976314
-23.04	71.06260609464262
-22.98	70.77854720410825
-22.92	70.49486910984886
-22.86	70.211572325633
-22.8	69.92865736732302
-22.74	69.64612475288934
-22.68	69.36397500242507
-22.62	69.08220863816053
-22.56	68.80082618447792
-22.5	68.51982816792639
-22.44	68.23921511723696
-22.38	67.95898756333765
-22.32	67.67914603936896
-22.26	67.39969108069928
-22.2	67.12062322494053
-22.14	66.84194301196386
-22.08	66.56365098391581
-22.02	66.28574768523428
-21.96	66.0082336626647
-21.9	65.73110946527673
-21.84	65.45437564448065
-21.78	65.17803275404413
-21.72	64.90208135010928
-21.66	64.62652199120972
-21.6	64.35135523828772
-21.54	64.07658165471188
-21.48	63.80220180629464
-21.42	63.52821626131004
-21.36	63.25462559051188
-21.3	62.98143036715182
-21.24	62.70863116699766
-21.18	62.4362285683521
-21.12	62.16422315207141
-21.06	61.89261550158425
-21.	61.6214062029111
-20.94	61.35059584468342
-20.88	61.08018501816319
-20.82	60.81017431726284
-20.76	60.54056433856511
-20.7	60.27135568134328
-20.64	60.00254894758148
-20.58	59.7341447419955
-20.52	59.46614367205353
-20.46	59.19854634799714
-20.4	58.9313533828628
-20.34	58.66456539250327
-20.28	58.3981829956093
-20.22	58.13220681373184
-20.16	57.86663747130414
-20.1	57.60147559566421
-20.04	57.33672181707772
-19.98	57.07237676876087
-19.92	56.8084410869036
-19.86	56.54491541069323
-19.8	56.28180038233819
-19.74	56.01909664709191
-19.68	55.75680485327736
-19.62	55.4949256523115
-19.56	55.23345969873007
-19.5	54.97240765021294
-19.44	54.7117701676094
-19.38	54.45154791496382
-19.32	54.19174155954187
-19.26	53.93235177185667
-19.2	53.67337922569552
-19.14	53.41482459814667
-19.08	53.1566885696268
-19.02	52.89897182390845
-18.96	52.64167504814783
-18.9	52.38479893291323
-18.84	52.12834417221347
-18.78	51.87231146352673
-18.72	51.61670150782991
-18.66	51.36151500962817
-18.6	51.10675267698477
-18.54	50.85241522155152
-18.48	50.59850335859941
-18.42	50.3450178070495
-18.36	50.09195928950457
-18.3	49.83932853228078
-18.24	49.5871262654398
-18.18	49.33535322282157
-18.12	49.08401014207718
-18.06	48.83309776470221
-18.	48.5826168360707
-17.94	48.33256810546928
-17.88	48.08295232613179
-17.82	47.83377025527452
-17.76000000000001	47.58502265413168
-17.7	47.33671028799133
-17.64	47.08883392623196
-17.58	46.84139434235933
-17.52	46.59439231404391
-17.46	46.34782862315865
-17.4	46.10170405581753
-17.34	45.85601940241428
-17.28	45.61077545766174
-17.22	45.36597302063188
-17.16	45.12161289479612
-17.1	44.87769588806621
-17.04	44.63422281283587
-16.98	44.39119448602276
-16.92	44.14861172911099
-16.86	43.90647536819444
-16.8	43.66478623402048
-16.74	43.42354516203418
-16.68	43.18275299242345
-16.62	42.94241057016453
-16.56	42.70251874506807
-16.5	42.46307837182612
-16.44	42.22409031005953
-16.38	41.98555542436598
-16.32	41.74747458436897
-16.26000000000001	41.50984866476716
-16.2	41.27267854538454
-16.14	41.03596511122141
-16.08	40.79970925250592
-16.02	40.56391186474646
-15.96	40.32857384878462
-15.9	40.09369611084922
-15.84	39.85927956261087
-15.78	39.6253251212373
-15.72	39.39183370944975
-15.66	39.15880625557993
-15.6	38.92624369362787
-15.54	38.69414696332079
-15.48	38.46251701017265
-15.42	38.2313547855446
-15.36	38.00066124670649
-15.3	37.77043735689921
-15.24	37.54068408539781
-15.18	37.31140240757598
-15.12	37.08259330497111
-15.06	36.85425776535049
-15.	36.6263967827787
-14.94	36.3990113576858
-14.88	36.17210249693658
-14.82	35.94567121390122
-14.76000000000001	35.71971852852665
-14.7	35.49424546740922
-14.64	35.26925306386863
-14.58	35.04474235802285
-14.52	34.82071439686437
-14.46	34.59717023433748
-14.4	34.37411093141719
-14.34	34.15153755618905
-14.28	33.92945118393037
-14.22	33.70785289719297
-14.16	33.4867437858871
-14.1	33.26612494736673
-14.04	33.04599748651648
-13.98	32.82636251583983
-13.92	32.60722115554875
-13.86	32.38857453365517
-13.8	32.1704237860637
-13.74	31.95277005666599
-13.68	31.73561449743693
-13.62	31.51895826853229
-13.56	31.30280253838806
-13.5	31.08714848382179
-13.44	30.87199729013545
-13.38	30.65735015122012
-13.32	30.44320826966284
-13.26000000000001	30.22957285685504
-13.2	30.016445133103
-13.14	29.80382632774053
-13.08	29.59171767924347
-13.02	29.38012043534638
-12.96	29.1690358531613
-12.9	28.95846519929895
-12.84	28.74840974999193
-12.78	28.53887079122028
-12.72	28.32984961883963
-12.66	28.12134753871154
-12.6	27.91336586683633
-12.54	27.70590592948874
-12.48	27.49896906335591
-12.42	27.29255661567812
-12.36	27.08666994439248
-12.3	26.88131041827919
-12.24	26.67647941711078
-12.18	26.47217833180447
-12.12	26.26840856457743
-12.06	26.06517152910509
-12.	25.86246865068301
-11.94	25.66030136639168
-11.88	25.45867112526488
-11.82	25.25757938846158
-11.76000000000001	25.05702762944134
-11.7	24.85701733414326
-11.64	24.65755000116902
-11.58	24.4586271419695
-11.52	24.26025028103556
-11.46	24.06242095609273
-11.4	23.86514071830042
-11.34	23.66841113245515
-11.28	23.47223377719834
-11.22	23.27661024522877
-11.16	23.08154214351964
-11.1	22.88703109354039
-11.04	22.69307873148377
-10.98	22.4996867084978
-10.92	22.30685669092299
-10.86	22.1145903605352
-10.8	21.92288941479391
-10.74	21.73175556709621
-10.68	21.54119054703691
-10.62	21.35119610067457
-10.56	21.16177399080378
-10.5	20.97292599723415
-10.44	20.7846539170757
-10.38	20.59695956503121
-10.32	20.40984477369569
-10.26000000000001	20.22331139386313
-10.2	20.0373612948406
-10.14	19.85199636477039
-10.08	19.66721851095989
-10.02	19.48302966021978
-9.960000000000001	19.29943175921069
-9.899999999999999	19.11642677479871
-9.840000000000003	18.93401669441982
-9.780000000000001	18.7522035264536
-9.719999999999999	18.57098930060675
-9.660000000000004	18.39037606830631
-9.600000000000001	18.21036590310315
-9.539999999999999	18.03096090108617
-9.480000000000004	17.85216318130724
-9.420000000000002	17.67397488621737
-9.359999999999999	17.49639818211464
-9.300000000000004	17.31943525960402
-9.240000000000002	17.14308833406948
-9.18	16.96735964615909
-9.120000000000005	16.79225146228313
-9.060000000000002	16.61776607512584
-9.	16.44390580417141
-8.940000000000005	16.27067299624433
-8.880000000000003	16.09807002606472
-8.82	15.9260992968194
-8.760000000000005	15.75476324074878
-8.700000000000003	15.58406431975027
-8.640000000000001	15.41400502599903
-8.580000000000005	15.24458788258611
-8.520000000000003	15.07581544417497
-8.460000000000001	14.90769029767693
-8.399999999999999	14.74021506294594
-8.340000000000003	14.57339239349361
-8.280000000000001	14.40722497722491
-8.219999999999999	14.2417155371956
-8.160000000000004	14.07686683239162
-8.100000000000001	13.91268165853149
-8.039999999999999	13.74916284889257
-7.980000000000004	13.58631327516161
-7.920000000000002	13.4241358483107
-7.859999999999999	13.26263351949941
-7.800000000000004	13.10180928100384
-7.740000000000002	12.94166616717359
-7.68	12.78220725541762
-7.620000000000005	12.62343566721978
-7.560000000000002	12.465354569185
-7.5	12.30796717411746
-7.440000000000005	12.15127674213122
-7.380000000000003	11.99528658179477
-7.32	11.84000005131056
-7.260000000000005	11.68542055973038
-7.200000000000003	11.53155156820795
-7.140000000000001	11.37839659128981
-7.080000000000005	11.22595919824577
-7.020000000000003	11.07424301443985
-6.960000000000001	10.92325172274357
-6.899999999999999	10.77298906499208
-6.840000000000003	10.62345884348514
-6.780000000000001	10.47466492253369
-6.719999999999999	10.32661123005385
-6.660000000000004	10.17930175920934
-6.600000000000001	10.03274057010376
-6.539999999999999	9.886931791524391
-6.480000000000004	9.741879622738536
-6.420000000000002	9.597588335343969
-6.359999999999999	9.454062275175091
-6.300000000000004	9.311305864265866
-6.240000000000002	9.169323602871095
-6.18	9.028120071547588
-6.120000000000005	8.887699933296289
-6.060000000000002	8.748067935766864
-6.	8.609228913526212
-5.940000000000005	8.471187790391869
-5.880000000000003	8.333949581831678
-5.82	8.197519397431028
-5.760000000000005	8.061902443428439
-5.700000000000003	7.927104025320644
-5.640000000000001	7.79312955053817
-5.580000000000005	7.659984531191912
-5.520000000000003	7.527674586891457
-5.460000000000001	7.396205447635741
-5.399999999999999	7.265582956776033
-5.340000000000003	7.135813074051544
-5.280000000000001	7.006901878697295
-5.219999999999999	6.878855572624059
-5.160000000000004	6.751680483669328
-5.100000000000001	6.625383068918353
-5.039999999999999	6.49996991809395
-4.980000000000004	6.375447757012885
-4.920000000000002	6.251823451106649
-4.859999999999999	6.129104009003851
-4.800000000000004	6.007296586170516
-4.740000000000002	5.886408488604315
-4.68	5.76644717657805
-4.620000000000005	5.647420268426512
-4.560000000000002	5.529335544370407
-4.5	5.412200950370026
-4.440000000000005	5.296024601999947
-4.380000000000003	5.180814788335273
-4.32	5.06657997583862
-4.260000000000005	4.953328812235341
-4.200000000000003	4.841070130363294
-4.140000000000001	4.729812951981824
-4.080000000000005	4.619566491522413
-4.020000000000003	4.510340159761878
-3.960000000000001	4.402143567396792
-3.899999999999999	4.294986528495113
-3.840000000000003	4.188879063798896
-3.780000000000001	4.083831403848827
-3.719999999999999	3.979853991898658
-3.660000000000004	3.876957486583942
-3.600000000000001	3.775152764306264
-3.539999999999999	3.674450921290377
-3.480000000000004	3.574863275267211
-3.420000000000002	3.476401366731634
-3.359999999999999	3.379076959719086
-3.300000000000004	3.282902042039819
-3.240000000000002	3.187888824904309
-3.18	3.094049741867612
-3.120000000000005	3.001397447013919
-3.060000000000002	2.909944812296255
-3.	2.819704923939309
-2.940000000000005	2.73069107780569
-2.880000000000003	2.642916773618395
-2.82	2.556395707924185
-2.760000000000005	2.471141765673672
-2.700000000000003	2.387169010285432
-2.640000000000001	2.304491672052242
-2.580000000000005	2.223124134737902
-2.520000000000003	2.143080920203768
-2.460000000000001	2.064376670894438
-2.400000000000006	1.987026130002093
-2.340000000000003	1.91104411911969
-2.280000000000001	1.836445513183908
-2.219999999999999	1.763245212499683
-2.160000000000004	1.691458111630322
-2.100000000000001	1.621099064929701
-2.039999999999999	1.552182848487314
-1.980000000000004	1.484724118252151
-1.920000000000002	1.418737364099183
-1.859999999999999	1.354236859602077
-1.800000000000004	1.291236607278421
-1.740000000000002	1.229750279080244
-1.68	1.169791151913024
-1.620000000000005	1.111372037981491
-1.560000000000002	1.054505209781576
-1.5	0.9992023195852268
-1.440000000000005	0.9454743132993521
-1.380000000000003	0.8933313386234336
-1.32	0.8427826474828004
-1.260000000000005	0.7938364927772852
-1.200000000000003	0.7465000195595449
-1.140000000000001	0.7007791508442439
-1.080000000000005	0.6566784683495951
-1.020000000000003	0.6142010885877856
-0.9600000000000009	0.5733485348508022
-0.9000000000000057	0.53412060578368
-0.8400000000000034	0.4965152413988058
-0.7800000000000011	0.4605283875619597
-0.7199999999999989	0.4261538601725756
-0.6600000000000037	0.3933832104662821
-0.6000000000000014	0.3622055930844029
-0.5399999999999991	0.3326076387802439
-0.480000000000004	0.3045733338610445
-0.4200000000000017	0.2780839086926114
-0.3599999999999994	0.2531177378138633
-0.3000000000000043	0.229650254412748
-0.240000000000002	0.2076538820939141
-0.1799999999999997	0.1870979870107248
-0.1200000000000045	0.167948853527157
-0.06000000000000227	0.1501696866051854
0	0.1337206440652919
0.05999999999999517	0.1185589017263691
0.1199999999999974	0.1046387541813008
0.1799999999999997	0.09191175359116279
0.2399999999999949	0.08032688837170921
0.2999999999999972	0.06983080299116368
0.3599999999999994	0.06036805929311863
0.4199999999999946	0.05188143880359699
0.4799999999999969	0.04431228438578281
0.5399999999999991	0.03760087838732294
0.5999999999999943	0.03168685311190781
0.6599999999999966	0.02650962807915063
0.7199999999999989	0.02200886716651562
0.7800000000000011	0.01812494741780405
0.8399999999999963	0.01479943012820687
0.8999999999999986	0.01197552385710522
0.9600000000000009	0.009598528360927719
1.019999999999996	0.00761624816122994
1.079999999999998	0.00597936464038807
1.140000000000001	0.004641756244366375
1.199999999999996	0.003560757599175435
1.259999999999998	0.0026973501120667
1.32	0.002016278887951899
1.379999999999995	0.001486093460611461
1.439999999999998	0.001079112788400684
1.5	0.0007713180282667987
1.559999999999995	0.0005421795842062994
1.619999999999997	0.0003744276174144012
1.68	0.0002537774014809533
1.739999999999995	0.0001686224305424481
1.799999999999997	0.00010970891363791
1.859999999999999	0.00006980515411290175
1.919999999999995	0.0000433783371635813
1.979999999999997	0.00002628953132223229
2.039999999999999	0.00001551542375675891
2.099999999999994	8.902681657030498e-6
2.159999999999997	4.958116155915996e-6
2.219999999999999	2.675268945412449e-6
2.280000000000001	1.395855596451591e-6
2.339999999999996	7.028316914447325e-7
2.399999999999999	3.407692375942424e-7
2.460000000000001	1.587338365125395e-7
2.519999999999996	7.086282492371033e-8
2.579999999999998	3.023994279711004e-8
2.640000000000001	1.230157392382398e-8
2.699999999999996	4.756492813875653e-9
2.759999999999998	1.74264800215675e-9
2.82	6.02969673831678e-10
2.879999999999995	1.963457201434908e-10
2.939999999999998	5.994737671752761e-11
3.	1.709321871015222e-11
3.059999999999995	4.532709895675535e-12
3.119999999999997	1.112844902377228e-12
3.18	2.517653646233055e-13
3.239999999999995	5.222233170796373e-14
3.299999999999997	9.878572789371715e-15
3.359999999999999	1.694511872088825e-15
3.419999999999995	2.619928599739443e-16
3.479999999999997	3.627842374010982e-17
3.539999999999999	4.468573030982437e-18
3.599999999999994	4.860883880408073e-19
3.659999999999997	4.634018439453689e-20
3.719999999999999	3.840257380825537e-21
3.780000000000001	2.742634390838808e-22
3.839999999999996	1.672603242594365e-23
3.899999999999999	8.625830371922026e-25
3.960000000000001	3.723018865156655e-26
4.019999999999996	1.330150982586113e-27
4.079999999999998	3.888190259513788e-29
4.140000000000001	9.184396294354599e-31
4.200000000000003	1.730185724271077e-32
4.259999999999991	2.563318071631659e-34
4.319999999999993	2.942611529739023e-36
4.379999999999995	2.576547336977251e-38
4.439999999999998	1.692188099875772e-40
4.5	8.189271961714182e-43
4.560000000000002	2.865704464983456e-45
4.620000000000005	7.107276486436064e-48
4.679999999999993	1.2229778402575e-50
4.739999999999995	1.427459249712222e-53
4.799999999999997	1.103361365420533e-56
4.859999999999999	5.505735855978932e-60
4.920000000000002	1.726262128911759e-63
4.980000000000004	3.304573421092506e-67
5.039999999999992	3.746219668223846e-71
5.099999999999994	2.434853180493235e-75
5.159999999999997	8.766304458676892e-80
5.219999999999999	1.68563399686527e-84
5.280000000000001	1.665216811183458e-89
5.340000000000003	8.110643433599964e-95
5.399999999999991	1.864348615244878e-100
5.459999999999994	0
5.519999999999996	0
5.579999999999998	0
5.640000000000001	0
5.700000000000003	0
5.759999999999991	0
5.819999999999993	0
5.879999999999995	0
5.939999999999998	0
6.	0