0	0	10.
1	0.0013698630136986301	10.22780394749161
2	0.0027397260273972603	9.248797751880378
3	0.004109589041095891	10.155573007088172
4	0.005479452054794521	10.02908297503567
5	0.00684931506849315	10.357250035599828
6	0.008219178082191782	9.3269349049614
7	0.009589041095890411	10.58546962762583
8	0.010958904109589041	9.901067861944961
9	0.012328767123287671	9.532793727399222
10	0.0136986301369863	9.4547982315778
11	0.015068493150684932	9.484571874451468
12	0.016438356164383564	10.019488287567771
13	0.01780821917808219	9.788562876807186
14	0.019178082191780823	11.041594649053785
15	0.02054794520547945	10.195582932232574
16	0.021917808219178082	9.338293120063828
17	0.02328767123287671	9.83373366747091
18	0.024657534246575342	10.283232427968358
19	0.026027397260273973	9.357918092752357
20	0.0273972602739726	10.176000855614596
21	0.028767123287671233	9.305417673508321
22	0.030136986301369864	9.075407144979009
23	0.031506849315068496	10.318133943305213
24	0.03287671232876713	9.466824166658641
25	0.03424657534246575	9.302744779727469
26	0.03561643835616438	10.168846974174807
27	0.036986301369863014	9.605687134020442
28	0.038356164383561646	10.514608072621025
29	0.03972602739726028	9.913731890654548
30	0.0410958904109589	9.70063259793323
31	0.04246575342465753	10.237642769460926
32	0.043835616438356165	10.049513226507763
33	0.045205479452054796	9.113732221948695
34	0.04657534246575342	9.303119351811286
35	0.04794520547945206	9.529251450839096
36	0.049315068493150684	10.021512766033577
37	0.050684931506849315	10.193012277906762
38	0.052054794520547946	9.809599805588995
39	0.05342465753424658	9.786514614266821
40	0.0547945205479452	9.554383276958319
41	0.056164383561643834	10.230634064927424
42	0.057534246575342465	9.718668704200342
43	0.05890410958904109	9.466622110378713
44	0.06027397260273973	9.533362666976124
45	0.06164383561643835	9.229650636625813
46	0.06301369863013699	9.881257000823664
47	0.06438356164383562	9.21303005241657
48	0.06575342465753425	10.247095562672312
49	0.06712328767123288	10.718906025883054
50	0.0684931506849315	9.27315123292117
51	0.06986301369863014	10.59073659825505
52	0.07123287671232877	9.433825877529609
53	0.0726027397260274	9.46431123361253
54	0.07397260273972603	9.19708286132487
55	0.07534246575342465	8.591273857467925
56	0.07671232876712329	10.417066972835435
57	0.07808219178082192	9.534143347436164
58	0.07945205479452055	10.284714273358814
59	0.08082191780821918	9.778876345776277
60	0.0821917808219178	11.152762767212028
61	0.08356164383561643	11.025230600600795
62	0.08493150684931507	8.89949282893754
63	0.0863013698630137	9.982032594592464
64	0.08767123287671233	9.319216099887868
65	0.08904109589041095	10.269361768051771
66	0.09041095890410959	10.211932737235976
67	0.09178082191780823	9.199857851635386
68	0.09315068493150684	9.229715489350145
69	0.09452054794520548	9.54172932652569
70	0.09589041095890412	10.212629389280472
71	0.09726027397260273	9.71969331890358
72	0.09863013698630137	10.03133476969428
73	0.1	11.23390262643382
74	0.10136986301369863	9.98128543492703
75	0.10273972602739725	9.878619247801344
76	0.10410958904109589	10.532528642435208
77	0.10547945205479453	9.056388442604343
78	0.10684931506849316	10.803606313931414
79	0.10821917808219178	10.55072109345682
80	0.1095890410958904	9.592038417242343
81	0.11095890410958904	10.809181107889392
82	0.11232876712328767	9.968708865562384
83	0.1136986301369863	10.711602090924453
84	0.11506849315068493	9.651927261120788
85	0.11643835616438357	10.985897669763638
86	0.11780821917808218	9.290961223739387
87	0.11917808219178082	9.047731369264444
88	0.12054794520547946	9.527930533787659
89	0.12191780821917808	9.721879426075578
90	0.1232876712328767	10.234687398851714
91	0.12465753424657534	10.933620538939225
92	0.12602739726027398	9.55076023893425
93	0.1273972602739726	9.904911480838475
94	0.12876712328767123	9.644657273304135
95	0.13013698630136986	9.808376058021022
96	0.1315068493150685	9.378925411316972
97	0.13287671232876713	9.357794785484693
98	0.13424657534246576	9.23076881034611
99	0.13561643835616438	9.814283102930164
100	0.136986301369863	10.696477042253484
101	0.13835616438356163	9.312704111234739
102	0.13972602739726028	9.662684676949283
103	0.1410958904109589	10.117966270449944
104	0.14246575342465753	9.477471260471319
105	0.14383561643835616	9.71192499044016
106	0.1452054794520548	10.139386686772019
107	0.14657534246575343	9.897700311374306
108	0.14794520547945206	10.220448665427439
109	0.14931506849315068	9.385354470939276
110	0.1506849315068493	9.369302504162807
111	0.15205479452054793	9.30664451441479
112	0.15342465753424658	8.911674367219208
113	0.1547945205479452	9.455574160395976
114	0.15616438356164383	9.10488899171492
115	0.15753424657534248	10.93321661794014
116	0.1589041095890411	10.087876537492699
117	0.1602739726027397	9.620576408798629
118	0.16164383561643836	10.45940848683624
119	0.16301369863013698	11.097794111045284
120	0.1643835616438356	9.796893344956821
121	0.16575342465753426	9.908933956559107
122	0.16712328767123286	10.34242080297813
123	0.16849315068493154	9.564775646732857
124	0.16986301369863013	10.392949648281684
125	0.17123287671232876	11.110417405053033
126	0.1726027397260274	8.953625804313926
127	0.17397260273972603	10.205783958348697
128	0.17534246575342466	9.28253553352175
129	0.17671232876712328	10.32999337537487
130	0.1780821917808219	9.559141682230317
131	0.17945205479452053	10.092801026570607
132	0.18082191780821918	9.42682021397118
133	0.1821917808219178	9.001424276803927
134	0.18356164383561646	8.890071762462545
135	0.18493150684931509	9.247097258170202
136	0.18630136986301368	9.252751688349715
137	0.18767123287671234	9.582797418871845
138	0.18904109589041096	9.442099816310908
139	0.19041095890410958	9.888345388538323
140	0.19178082191780824	9.997276136412564
141	0.19315068493150683	10.449029025818549
142	0.19452054794520546	10.322923857739564
143	0.1958904109589041	9.561493354248034
144	0.19726027397260273	9.18136613687337
145	0.1986301369863014	9.92539517801789
146	0.2	8.63838618177728
147	0.20136986301369864	10.553356624275633
148	0.20273972602739726	10.04525043808457
149	0.20410958904109588	10.763199009738532
150	0.2054794520547945	9.727094845241657
151	0.20684931506849316	10.536987892200022
152	0.20821917808219179	8.632594428395212
153	0.20958904109589038	9.726030477684448
154	0.21095890410958906	10.113738218728153
155	0.21232876712328766	9.85076504760817
156	0.2136986301369863	9.510527908369367
157	0.21506849315068494	9.931009789294247
158	0.21643835616438356	10.238256287895599
159	0.2178082191780822	10.194691418953322
160	0.2191780821917808	9.085023840251194
161	0.22054794520547943	8.761959330223089
162	0.2219178082191781	9.050661430573898
163	0.2232876712328767	10.021809851391193
164	0.22465753424657534	9.667634459165328
165	0.226027397260274	9.901328099637832
166	0.2273972602739726	10.110680383604782
167	0.2287671232876712	9.21386829652361
168	0.23013698630136986	9.243031574910926
169	0.23150684931506849	9.3176566148908
170	0.23287671232876714	10.360673862337798
171	0.23424657534246576	8.650601268744536
172	0.23561643835616436	9.890922567424616
173	0.23698630136986304	10.520788846027617
174	0.23835616438356164	9.337484576482648
175	0.23972602739726026	10.030258580862247
176	0.2410958904109589	9.926727671705626
177	0.24246575342465754	10.100653130753184
178	0.24383561643835616	10.10254092283747
179	0.2452054794520548	9.331699645327731
180	0.2465753424657534	9.02231793720405
181	0.24794520547945206	8.893972195421815
182	0.2493150684931507	9.60185404286813
183	0.2506849315068493	10.025701216084164
184	0.25205479452054796	9.974976663992056
185	0.2534246575342466	9.487735168382608
186	0.2547945205479452	9.952129529380823
187	0.25616438356164384	9.989574100977096
188	0.25753424657534246	10.253482986739678
189	0.2589041095890411	10.107145675046008
190	0.2602739726027397	9.520738426958594
191	0.26164383561643834	9.679117619045147
192	0.263013698630137	10.137965264775154
193	0.26438356164383564	10.465685991070142
194	0.26575342465753427	8.511484468888753
195	0.2671232876712329	9.864340198929161
196	0.2684931506849315	8.534303247268438
197	0.26986301369863014	9.672801122734857
198	0.27123287671232876	9.823987780327963
199	0.2726027397260274	9.98148865283682
200	0.273972602739726	9.393470201238337
201	0.2753424657534247	9.99342744164012
202	0.27671232876712326	9.559785234277259
203	0.27808219178082194	9.043433666223786
204	0.27945205479452057	9.512688703646607
205	0.2808219178082192	9.785434197224157
206	0.2821917808219178	10.087454925108723
207	0.28356164383561644	10.473432524178463
208	0.28493150684931506	9.03805516884174
209	0.2863013698630137	9.741584638629185
210	0.2876712328767123	9.13194101147526
211	0.28904109589041094	10.065575262744924
212	0.2904109589041096	9.444408719466516
213	0.2917808219178082	9.377738508860464
214	0.29315068493150687	9.417135267398612
215	0.2945205479452055	10.377767801924671
216	0.2958904109589041	9.327660816842732
217	0.29726027397260274	9.583135527814996
218	0.29863013698630136	9.104388007693197
219	0.3	9.708739089685174
220	0.3013698630136986	8.85073630728264
221	0.30273972602739724	9.510610345792081
222	0.30410958904109586	10.954694577105144
223	0.30547945205479454	9.932588596338869
224	0.30684931506849317	9.398121291498978
225	0.3082191780821918	9.991449748724108
226	0.3095890410958904	9.7273088438225
227	0.31095890410958904	9.489698798326812
228	0.31232876712328766	9.615502710940797
229	0.3136986301369863	10.148327941688116
230	0.31506849315068497	10.292742686506584
231	0.31643835616438354	9.637405526810015
232	0.3178082191780822	9.729140723435732
233	0.31917808219178084	9.493847437298626
234	0.3205479452054794	9.930446421223008
235	0.3219178082191781	9.526486427489859
236	0.3232876712328767	9.818560618709993
237	0.3246575342465753	8.669802613113308
238	0.32602739726027397	9.901883635533991
239	0.32739726027397265	9.592179153787349
240	0.3287671232876712	10.082757108976663
241	0.33013698630136984	9.832591214790009
242	0.3315068493150685	9.850640727608306
243	0.33287671232876714	10.047755886264012
244	0.3342465753424657	10.057881295428972
245	0.3356164383561644	9.544349880944017
246	0.3369863013698631	9.621359144072358
247	0.33835616438356164	11.651559159271539
248	0.33972602739726027	8.900709706127799
249	0.34109589041095895	8.925050742839396
250	0.3424657534246575	10.046270247098745
251	0.34383561643835614	9.331994351382168
252	0.3452054794520548	9.538256215196522
253	0.3465753424657534	10.066883762400698
254	0.34794520547945207	9.664988453186687
255	0.3493150684931507	10.114767200969156
256	0.3506849315068493	10.006348155783543
257	0.35205479452054794	10.192641282754806
258	0.35342465753424657	9.394285854240625
259	0.3547945205479452	10.158343046445733
260	0.3561643835616438	9.480128620917366
261	0.3575342465753425	9.768453167943438
262	0.35890410958904106	9.871484514637546
263	0.36027397260273974	9.39677265580516
264	0.36164383561643837	10.185750327066884
265	0.36301369863013694	9.7747583192382
266	0.3643835616438356	9.604325871398968
267	0.36575342465753424	9.95788727985661
268	0.3671232876712329	8.511301988884272
269	0.3684931506849315	8.578814598993702
270	0.36986301369863017	9.26577837146996
271	0.3712328767123288	9.930948653693411
272	0.37260273972602737	10.089433562140853
273	0.37397260273972605	9.603947106412706
274	0.37534246575342467	9.89146351701322
275	0.37671232876712324	8.860212415440982
276	0.3780821917808219	9.263508704692965
277	0.3794520547945206	9.788983964100861
278	0.38082191780821917	9.29942121297887
279	0.3821917808219178	9.74590415289434
280	0.3835616438356165	9.59817803586267
281	0.38493150684931504	9.727502307388347
282	0.38630136986301367	9.918644964139201
283	0.38767123287671235	10.11962502544854
284	0.3890410958904109	9.9706505769964
285	0.3904109589041096	9.866756519624067
286	0.3917808219178082	10.418225313360898
287	0.39315068493150684	9.710973530639015
288	0.39452054794520547	9.314440537719891
289	0.3958904109589041	9.359117439332522
290	0.3972602739726028	9.735005260631949
291	0.39863013698630134	9.648666430489795
292	0.4	9.757231126065099
293	0.40136986301369865	8.667970836860173
294	0.40273972602739727	9.963919023541276
295	0.4041095890410959	9.179683680310024
296	0.4054794520547945	10.202109169013593
297	0.40684931506849314	9.056914022177152
298	0.40821917808219177	9.262308073846176
299	0.40958904109589045	8.988561663720118
300	0.410958904109589	8.514859018994747
301	0.4123287671232877	9.561506164473457
302	0.4136986301369863	9.099236350620433
303	0.4150684931506849	9.1497773621422
304	0.41643835616438357	8.981265840470442
305	0.4178082191780822	8.90771481396072
306	0.41917808219178077	9.40589934664583
307	0.42054794520547945	10.140660597263992
308	0.4219178082191781	9.931712317765239
309	0.4232876712328767	9.50223516460692
310	0.4246575342465753	8.879986956468898
311	0.426027397260274	9.551907725227638
312	0.4273972602739726	10.319708259354574
313	0.4287671232876712	10.034627178633475
314	0.4301369863013699	9.910444723630048
315	0.43150684931506855	9.544996061149398
316	0.4328767123287671	10.085700140767148
317	0.43424657534246575	9.797163437464784
318	0.4356164383561644	9.901505689847923
319	0.436986301369863	9.369548511114619
320	0.4383561643835616	9.5515627691533
321	0.4397260273972603	9.376016610158834
322	0.44109589041095887	8.993941466868552
323	0.44246575342465755	10.383591993981211
324	0.4438356164383562	9.542009181783392
325	0.4452054794520548	8.924398187051233
326	0.4465753424657534	9.500757909434896
327	0.44794520547945205	9.534391209835112
328	0.44931506849315067	9.713600302812498
329	0.4506849315068493	9.599065613369541
330	0.452054794520548	8.73665319215219
331	0.45342465753424654	9.599209025246601
332	0.4547945205479452	9.776060769969234
333	0.45616438356164385	9.747491697508131
334	0.4575342465753424	9.439106405400247
335	0.4589041095890411	8.905663927341864
336	0.4602739726027397	9.149224348850511
337	0.4616438356164384	9.16026701555849
338	0.46301369863013697	9.366528528775223
339	0.46438356164383565	10.621869363494897
340	0.4657534246575343	9.973974957606313
341	0.46712328767123285	8.800899690526304
342	0.4684931506849315	9.75527850910552
343	0.46986301369863015	9.137063421681535
344	0.4712328767123287	10.312368405319123
345	0.4726027397260274	9.161783947892138
346	0.4739726027397261	9.254048763268113
347	0.47534246575342465	9.831228221329525
348	0.4767123287671233	9.771965633242985
349	0.47808219178082195	8.20814197707765
350	0.4794520547945205	8.762677962746418
351	0.48082191780821915	9.525984810261473
352	0.4821917808219178	9.677032694881184
353	0.4835616438356164	9.309364799237922
354	0.4849315068493151	8.888018574678368
355	0.4863013698630137	9.321225830386899
356	0.4876712328767123	9.458037668362058
357	0.48904109589041095	10.321574431866642
358	0.4904109589041096	8.863188463806026
359	0.49178082191780825	9.451255990489537
360	0.4931506849315068	9.357828218211582
361	0.4945205479452055	9.34625138488409
362	0.4958904109589041	10.673382131878284
363	0.49726027397260275	9.882260257242448
364	0.4986301369863014	9.551187280555133
365	0.5	8.99923300776696
366	0.5013698630136986	10.681197587283433
367	0.5027397260273972	9.455289333062904
368	0.5041095890410959	10.076870269384067
369	0.5054794520547945	9.047308226892476
370	0.5068493150684932	9.977928021805932
371	0.5082191780821919	9.243867036375484
372	0.5095890410958904	9.420676730485814
373	0.510958904109589	9.629047934147335
374	0.5123287671232877	8.477985330726122
375	0.5136986301369862	9.46702328384107
376	0.5150684931506849	10.13422931720609
377	0.5164383561643836	9.389494115544698
378	0.5178082191780822	10.375269388174468
379	0.5191780821917809	10.056606932074137
380	0.5205479452054794	9.505780238333834
381	0.521917808219178	10.615990094525992
382	0.5232876712328767	8.810912581752829
383	0.5246575342465754	8.926380312975805
384	0.526027397260274	9.09050728743292
385	0.5273972602739726	10.21102143313626
386	0.5287671232876713	9.012641730742084
387	0.5301369863013699	8.807017743073745
388	0.5315068493150685	9.774279138435304
389	0.5328767123287671	8.948868765347264
390	0.5342465753424658	9.404706379490175
391	0.5356164383561643	8.7967601422113
392	0.536986301369863	10.441059882729089
393	0.5383561643835617	9.207054364550626
394	0.5397260273972603	9.410843919781852
395	0.5410958904109588	9.477018064691691
396	0.5424657534246575	9.62819602487488
397	0.5438356164383561	9.111914442366272
398	0.5452054794520548	8.313465070403263
399	0.5465753424657535	9.689917168139626
400	0.547945205479452	9.223002256258
401	0.5493150684931507	8.909207828671653
402	0.5506849315068494	9.926653586446715
403	0.552054794520548	10.217481091983688
404	0.5534246575342465	9.518757405329257
405	0.5547945205479452	9.17183415730183
406	0.5561643835616439	9.232768439848925
407	0.5575342465753425	8.542064508879589
408	0.5589041095890411	8.633944721594899
409	0.5602739726027397	9.633121598939775
410	0.5616438356164384	10.343165770788087
411	0.563013698630137	9.690599718974367
412	0.5643835616438356	9.938546938345997
413	0.5657534246575342	9.694411428575453
414	0.5671232876712329	9.919415195212041
415	0.5684931506849316	8.97542908073976
416	0.5698630136986301	9.443913281334428
417	0.5712328767123288	9.534574688964778
418	0.5726027397260274	9.292588335908365
419	0.5739726027397261	9.452925223646847
420	0.5753424657534246	9.303366695968524
421	0.5767123287671233	9.536612528579854
422	0.5780821917808219	9.871632476496007
423	0.5794520547945206	10.387748245538692
424	0.5808219178082192	9.000862145753608
425	0.5821917808219178	9.276672267486786
426	0.5835616438356164	9.649498966859264
427	0.584931506849315	9.005453755849935
428	0.5863013698630137	9.56051285145248
429	0.5876712328767123	9.655180157419302
430	0.589041095890411	9.34013527617238
431	0.5904109589041097	8.78737118229468
432	0.5917808219178082	10.105722669100816
433	0.5931506849315069	9.202109861358647
434	0.5945205479452055	8.705563402919166
435	0.595890410958904	9.756594929825372
436	0.5972602739726027	9.802811794251179
437	0.5986301369863014	9.221003836234274
438	0.6	9.975734526565752
439	0.6013698630136987	8.737489734255671
440	0.6027397260273972	9.877497863221187
441	0.6041095890410959	9.343651944570933
442	0.6054794520547945	9.512410956123107
443	0.6068493150684932	8.610008829080048
444	0.6082191780821917	8.646398654722873
445	0.6095890410958904	9.376165008423305
446	0.6109589041095891	8.672752402221619
447	0.6123287671232877	8.955080703811431
448	0.6136986301369863	10.106837450360068
449	0.6150684931506849	9.322982716011254
450	0.6164383561643836	9.377444561126566
451	0.6178082191780822	9.189942317622158
452	0.6191780821917808	9.266364550330378
453	0.6205479452054795	9.456755224898883
454	0.6219178082191781	8.299311059343573
455	0.6232876712328768	9.015494977998742
456	0.6246575342465753	9.713986371714885
457	0.6260273972602739	9.295850806760857
458	0.6273972602739726	9.566677887562966
459	0.6287671232876713	9.94325194483255
460	0.6301369863013699	8.661831796642073
461	0.6315068493150684	8.165779282707359
462	0.6328767123287671	8.480303623179797
463	0.6342465753424658	9.507419524678358
464	0.6356164383561644	9.02208454591577
465	0.636986301369863	9.677547287709126
466	0.6383561643835617	9.395513460335339
467	0.6397260273972604	9.04556660807791
468	0.6410958904109588	9.35597448395566
469	0.6424657534246575	9.830752857469742
470	0.6438356164383562	9.375772224990543
471	0.6452054794520548	9.75039301249336
472	0.6465753424657534	9.349552249078018
473	0.6479452054794521	10.071005738093907
474	0.6493150684931506	8.465125860914528
475	0.6506849315068493	9.27559258281769
476	0.6520547945205479	8.886693375357718
477	0.6534246575342466	8.61089099247408
478	0.6547945205479453	9.367751882839098
479	0.6561643835616439	9.604115569517198
480	0.6575342465753424	9.735167425915844
481	0.6589041095890411	9.049951736907047
482	0.6602739726027397	9.220012806255198
483	0.6616438356164384	9.094988090456505
484	0.663013698630137	9.466593699771844
485	0.6643835616438356	8.907945459808147
486	0.6657534246575343	8.952624521372796
487	0.6671232876712329	9.048567072552903
488	0.6684931506849314	8.38705579943845
489	0.6698630136986301	9.65820590078356
490	0.6712328767123288	9.382884952497939
491	0.6726027397260275	10.235253434539082
492	0.6739726027397261	9.363657057631979
493	0.6753424657534246	8.708641273742288
494	0.6767123287671233	8.852309170731253
495	0.678082191780822	8.627707909142476
496	0.6794520547945205	9.142795356948485
497	0.6808219178082192	9.249623265884672
498	0.6821917808219179	8.782482071848689
499	0.6835616438356164	9.63170040616454
500	0.684931506849315	8.58238710515882
501	0.6863013698630137	9.418305887673364
502	0.6876712328767123	9.948263825730615
503	0.689041095890411	8.420005284893
504	0.6904109589041096	8.865496686454378
505	0.6917808219178081	9.260214426549833
506	0.6931506849315068	9.736439900197194
507	0.6945205479452055	10.121759556711353
508	0.6958904109589041	9.889360750079918
509	0.6972602739726028	8.627614126758294
510	0.6986301369863014	9.500215321098658
511	0.7000000000000001	7.958801392014031
512	0.7013698630136986	8.37284346430716
513	0.7027397260273972	9.430346645209593
514	0.7041095890410959	9.045367200516516
515	0.7054794520547946	9.080058962929572
516	0.7068493150684931	9.292176870416458
517	0.7082191780821918	9.117876974030166
518	0.7095890410958904	9.539605391385898
519	0.710958904109589	8.865180160708523
520	0.7123287671232876	8.688326142007787
521	0.7136986301369863	9.516651619643488
522	0.715068493150685	9.132714333647234
523	0.7164383561643837	9.007432524579002
524	0.7178082191780821	8.787818843358872
525	0.7191780821917808	9.20050022523743
526	0.7205479452054795	8.97015331097805
527	0.7219178082191781	8.61460229435331
528	0.7232876712328767	9.945623026492099
529	0.7246575342465754	8.645003642824028
530	0.7260273972602739	10.063302855914818
531	0.7273972602739726	9.664349629925766
532	0.7287671232876712	10.136438578641975
533	0.7301369863013698	8.527462563821393
534	0.7315068493150685	9.207569152444513
535	0.7328767123287672	9.314252430266764
536	0.7342465753424658	9.733110619047247
537	0.7356164383561643	9.602202640385364
538	0.736986301369863	8.475632162317462
539	0.7383561643835617	8.658218098355757
540	0.7397260273972603	8.976983429376807
541	0.7410958904109589	9.205540684695174
542	0.7424657534246576	9.32828998546374
543	0.7438356164383562	9.810980770776837
544	0.7452054794520547	10.015986705909265
545	0.7465753424657534	9.273276227767742
546	0.7479452054794521	9.28050606306507
547	0.7493150684931507	8.443286769872556
548	0.7506849315068493	8.927142482116242
549	0.7520547945205479	9.348175511284069
550	0.7534246575342465	9.043668932870759
551	0.7547945205479452	9.093154853929313
552	0.7561643835616438	9.271262577117053
553	0.7575342465753425	9.34754378203979
554	0.7589041095890412	8.394020481130507
555	0.7602739726027398	9.022556860515468
556	0.7616438356164383	9.471839051998808
557	0.763013698630137	9.412926062712929
558	0.7643835616438356	8.501788879965707
559	0.7657534246575343	9.032417595592088
560	0.767123287671233	8.795791995193209
561	0.7684931506849315	10.11688663824157
562	0.7698630136986301	9.19559414660926
563	0.7712328767123288	9.284772749770788
564	0.7726027397260273	10.00266120800499
565	0.773972602739726	9.69527956157606
566	0.7753424657534247	9.454033713836441
567	0.7767123287671234	9.711108819783496
568	0.7780821917808218	8.880899557121984
569	0.7794520547945205	9.052596323155392
570	0.7808219178082192	8.84732278111496
571	0.7821917808219179	8.760136534140203
572	0.7835616438356164	9.024447295270738
573	0.7849315068493151	8.680711566758424
574	0.7863013698630137	9.535153254528904
575	0.7876712328767123	9.25065293141612
576	0.7890410958904109	9.136093654014383
577	0.7904109589041096	9.138080182261401
578	0.7917808219178082	9.477823615342444
579	0.7931506849315069	9.362461524499437
580	0.7945205479452055	9.346515254984563
581	0.795890410958904	9.442169116513195
582	0.7972602739726027	9.604603408825282
583	0.7986301369863014	9.141486097011194
584	0.8	8.700083919291899
585	0.8013698630136987	8.974126007040876
586	0.8027397260273973	8.83276096722767
587	0.8041095890410959	8.591840702566275
588	0.8054794520547945	9.279081390424691
589	0.8068493150684931	9.32385446756353
590	0.8082191780821918	8.397712131089758
591	0.8095890410958905	8.695974084648695
592	0.810958904109589	9.430782664572064
593	0.8123287671232876	8.999287098423057
594	0.8136986301369863	8.491931075584885
595	0.8150684931506849	9.040815959452894
596	0.8164383561643835	8.615117610100684
597	0.8178082191780822	9.602278804871249
598	0.8191780821917809	9.106918825303971
599	0.8205479452054794	8.912888614325645
600	0.821917808219178	9.158916639611206
601	0.8232876712328767	9.027795495736138
602	0.8246575342465754	8.721767467720342
603	0.826027397260274	9.009010901918575
604	0.8273972602739726	8.723349288610578
605	0.8287671232876713	8.324217646449101
606	0.8301369863013698	8.978107009436151
607	0.8315068493150685	9.98348959056868
608	0.8328767123287671	9.334795346411816
609	0.8342465753424657	8.959189304752174
610	0.8356164383561644	9.381882890427784
611	0.8369863013698631	8.666865459113529
612	0.8383561643835615	9.074950569610985
613	0.8397260273972602	9.28066852463282
614	0.8410958904109589	9.759356056445775
615	0.8424657534246576	9.162295135506925
616	0.8438356164383563	9.952139089857212
617	0.8452054794520548	9.036842814926002
618	0.8465753424657534	8.638067808379986
619	0.8479452054794521	9.188196000874782
620	0.8493150684931506	9.387625654250655
621	0.8506849315068493	9.275843371595762
622	0.852054794520548	8.37141231301891
623	0.8534246575342466	8.416270445085521
624	0.8547945205479452	8.785324403799828
625	0.8561643835616438	9.32293896204336
626	0.8575342465753424	8.137909659524869
627	0.8589041095890411	8.349753657061777
628	0.8602739726027397	8.670546277574001
629	0.8616438356164384	9.017467561410873
630	0.8630136986301371	9.048435484795291
631	0.8643835616438356	9.178448224524816
632	0.8657534246575342	9.574706731333386
633	0.8671232876712329	9.08900702853628
634	0.8684931506849315	9.43102829179531
635	0.8698630136986302	8.452181159077274
636	0.8712328767123289	9.172463027274933
637	0.8726027397260273	9.095420343516887
638	0.873972602739726	9.05361124307506
639	0.8753424657534247	9.442105846428392
640	0.8767123287671232	9.607314091428119
641	0.8780821917808219	9.507695625784653
642	0.8794520547945206	9.543948132325458
643	0.8808219178082191	8.786230610263148
644	0.8821917808219177	8.497717112501766
645	0.8835616438356164	8.141087545633756
646	0.8849315068493151	8.588932078077967
647	0.8863013698630138	8.282675846870333
648	0.8876712328767123	8.755616642772466
649	0.889041095890411	9.040703264983179
650	0.8904109589041096	9.536588597513898
651	0.8917808219178082	9.053651901590683
652	0.8931506849315068	8.603694190972405
653	0.8945205479452055	8.778424579527076
654	0.8958904109589041	9.058394191806034
655	0.8972602739726028	8.849846529527296
656	0.8986301369863013	8.267085205840958
657	0.8999999999999999	9.024683869130126
658	0.9013698630136986	8.891461902382677
659	0.9027397260273973	8.909950723136806
660	0.904109589041096	8.556991639818143
661	0.9054794520547946	8.344368918675523
662	0.9068493150684931	9.551717938486105
663	0.9082191780821918	9.019529797996086
664	0.9095890410958904	9.074336496320285
665	0.910958904109589	8.267840017724913
666	0.9123287671232877	9.243172772307732
667	0.9136986301369864	8.847136009291807
668	0.9150684931506848	8.748044968661445
669	0.9164383561643835	8.856893612220457
670	0.9178082191780822	9.256979010687829
671	0.9191780821917808	9.465333343977674
672	0.9205479452054794	8.201121591038955
673	0.9219178082191781	9.62358368114607
674	0.9232876712328768	8.032517064554234
675	0.9246575342465753	7.792764763183189
676	0.9260273972602739	8.825334527059997
677	0.9273972602739726	7.613036585494123
678	0.9287671232876713	8.59101957730993
679	0.9301369863013699	7.9362182992033175
680	0.9315068493150686	8.595575959334116
681	0.9328767123287671	8.720697953920086
682	0.9342465753424657	9.125472920015401
683	0.9356164383561644	8.495765799862328
684	0.936986301369863	8.934670875831408
685	0.9383561643835616	9.221626145966844
686	0.9397260273972603	8.856703678757711
687	0.9410958904109589	8.898082058897758
688	0.9424657534246574	9.513300676942041
689	0.9438356164383561	9.42216287941085
690	0.9452054794520548	9.571550067502509
691	0.9465753424657535	9.034721827139037
692	0.9479452054794522	9.117825015607503
693	0.9493150684931506	8.969969190151918
694	0.9506849315068493	8.803850154497532
695	0.952054794520548	7.721727883541208
696	0.9534246575342465	8.091260299709491
697	0.9547945205479452	8.439406345513536
698	0.9561643835616439	8.106210538997077
699	0.9575342465753425	8.946815100927857
700	0.958904109589041	9.22477174138518
701	0.9602739726027397	9.4025063887518
702	0.9616438356164383	8.15234921741485
703	0.963013698630137	9.286631758981663
704	0.9643835616438357	9.080845170185551
705	0.9657534246575343	9.359927741449015
706	0.9671232876712328	9.668183966171632
707	0.9684931506849315	9.250183039777633
708	0.9698630136986301	8.813366270682225
709	0.9712328767123288	8.785029432016133
710	0.9726027397260274	8.121381215988393
711	0.9739726027397261	7.810209719301677
712	0.9753424657534246	9.271359949129806
713	0.9767123287671232	8.453446623353951
714	0.9780821917808219	8.346056060945386
715	0.9794520547945206	8.602045845738669
716	0.9808219178082191	8.119570025764936
717	0.9821917808219178	8.583171604832424
718	0.9835616438356165	7.905755443394679
719	0.984931506849315	8.444664207978724
720	0.9863013698630136	7.967599009092342
721	0.9876712328767123	8.721135226902152
722	0.989041095890411	8.279562136380962
723	0.9904109589041097	8.890561096777475
724	0.9917808219178083	9.270278810371286
725	0.9931506849315068	7.768170911563729
726	0.9945205479452055	9.514994368915186
727	0.9958904109589041	9.289953751665383
728	0.9972602739726028	9.741174281693466
729	0.9986301369863014	9.093187266390647
730	1.	8.436644291895611
731	1.0013698630136987	9.14253302942184
732	1.0027397260273971	8.891931331960032
733	1.0041095890410958	8.878608730529042
734	1.0054794520547945	8.39563943285871
735	1.0068493150684932	9.206721355145163
736	1.0082191780821919	9.053799059984659
737	1.0095890410958903	8.755494049161298
738	1.010958904109589	9.194989403806272
739	1.0123287671232877	8.943248392524058
740	1.0136986301369864	8.61256466989565
741	1.015068493150685	8.35408224015766
742	1.0164383561643837	8.602380115169678
743	1.0178082191780822	8.195911747890177
744	1.0191780821917809	8.506845807761906
745	1.0205479452054793	9.061423050866823
746	1.021917808219178	8.733365950752926
747	1.0232876712328767	8.4413693586996
748	1.0246575342465754	9.742980163174705
749	1.026027397260274	8.553500788136311
750	1.0273972602739725	8.846636977985575
751	1.0287671232876712	8.70360009851462
752	1.0301369863013699	8.093289233322993
753	1.0315068493150685	8.25505993895194
754	1.0328767123287672	8.557349520450185
755	1.034246575342466	8.974678670382982
756	1.0356164383561643	8.396457059103176
757	1.036986301369863	9.419193272450292
758	1.0383561643835617	8.920056479772374
759	1.0397260273972604	8.681441253492444
760	1.0410958904109588	9.095829331083449
761	1.0424657534246575	7.891000767423216
762	1.043835616438356	7.808460998033897
763	1.0452054794520547	8.586117695856883
764	1.0465753424657533	8.68046515026932
765	1.047945205479452	8.585087446380278
766	1.0493150684931507	7.889155267507686
767	1.0506849315068494	7.8160285032202195
768	1.052054794520548	8.454204177367107
769	1.0534246575342465	7.911259818269116
770	1.0547945205479452	8.443999101147764
771	1.0561643835616439	9.22560516330944
772	1.0575342465753426	8.999441975982098
773	1.058904109589041	8.55860359217049
774	1.0602739726027397	8.555069515666895
775	1.0616438356164384	8.6600870831356
776	1.063013698630137	8.434214113434399
777	1.0643835616438355	9.435176878794465
778	1.0657534246575342	8.182574101525844
779	1.0671232876712329	7.663682425957271
780	1.0684931506849316	8.215299994849484
781	1.06986301369863	8.834039094826167
782	1.0712328767123287	8.15422099735166
783	1.0726027397260274	8.972539688512104
784	1.073972602739726	8.831458286797282
785	1.0753424657534247	8.269972039802942
786	1.0767123287671234	8.685908639537248
787	1.078082191780822	9.018927291947021
788	1.0794520547945206	9.201867370747769
789	1.0808219178082192	8.996428087993685
790	1.0821917808219177	9.253846207273263
791	1.0835616438356164	8.552178420883337
792	1.084931506849315	9.047625691353561
793	1.0863013698630137	8.433288410275946
794	1.0876712328767122	8.925986844745026
795	1.0890410958904109	7.481476055679852
796	1.0904109589041096	8.185499449707056
797	1.0917808219178082	8.529680126071437
798	1.093150684931507	8.305237358275992
799	1.0945205479452056	8.483440092126871
800	1.095890410958904	9.240976069044756
801	1.0972602739726027	9.189085261351968
802	1.0986301369863014	9.27476781577493
803	1.1	8.546394448395478
804	1.1013698630136988	9.439984063741498
805	1.1027397260273972	9.229387342569535
806	1.104109589041096	8.235771163202273
807	1.1054794520547944	8.062650582848274
808	1.106849315068493	7.5578848418008855
809	1.1082191780821917	8.660658745619715
810	1.1095890410958904	9.03050178135436
811	1.110958904109589	8.747548939133072
812	1.1123287671232878	9.162278100784127
813	1.1136986301369862	9.225355679865995
814	1.115068493150685	8.751940753858095
815	1.1164383561643836	8.547983305027945
816	1.1178082191780823	8.363465419168337
817	1.119178082191781	9.593277220457944
818	1.1205479452054794	8.80577159675172
819	1.121917808219178	9.359684356566191
820	1.1232876712328768	9.988760244655728
821	1.1246575342465754	8.487426503628742
822	1.126027397260274	8.708509559091544
823	1.1273972602739726	8.19516734148874
824	1.1287671232876713	8.60816361079951
825	1.1301369863013697	9.1675404982036
826	1.1315068493150684	8.848121542799905
827	1.132876712328767	8.802520006992381
828	1.1342465753424658	9.078000808059716
829	1.1356164383561644	9.068450365301002
830	1.1369863013698631	8.410931054636873
831	1.1383561643835616	8.12285614066019
832	1.1397260273972603	8.562746861503994
833	1.141095890410959	8.846611022387533
834	1.1424657534246576	9.008227751699051
835	1.143835616438356	7.947072802756747
836	1.1452054794520548	9.466602598832376
837	1.1465753424657534	8.87284123812535
838	1.1479452054794521	8.256527623718892
839	1.1493150684931506	8.440370690803622
840	1.1506849315068493	8.933991913258758
841	1.152054794520548	8.510459609304576
842	1.1534246575342466	8.398147561151253
843	1.1547945205479453	8.481940502098132
844	1.1561643835616437	8.870535754990277
845	1.1575342465753424	8.797245602623082
846	1.158904109589041	8.199905089813992
847	1.1602739726027398	8.368316057709263
848	1.1616438356164385	8.43802378104856
849	1.1630136986301371	8.018771062930451
850	1.1643835616438356	8.243736065283679
851	1.1657534246575343	8.880864992162927
852	1.1671232876712327	9.15262508112811
853	1.1684931506849314	8.665367563662496
854	1.16986301369863	8.727848437334945
855	1.1712328767123288	8.959904771439245
856	1.1726027397260275	8.949996088919407
857	1.173972602739726	8.552852382482284
858	1.1753424657534246	8.2511994870627
859	1.1767123287671233	8.314364051098313
860	1.178082191780822	7.437103642437098
861	1.1794520547945206	7.9867258509328085
862	1.1808219178082193	9.183961643614081
863	1.1821917808219178	8.736452919071057
864	1.1835616438356165	9.237192343785345
865	1.1849315068493151	9.581362193340665
866	1.1863013698630138	8.895910367328915
867	1.1876712328767123	8.394146681738274
868	1.189041095890411	9.606406108061346
869	1.1904109589041094	9.445659005799332
870	1.191780821917808	9.158641264612282
871	1.1931506849315068	8.642878569092323
872	1.1945205479452055	8.73362415986337
873	1.1958904109589041	9.139016832653082
874	1.1972602739726028	9.238574042319913
875	1.1986301369863013	9.334855181467672
876	1.2	8.855814624240193
877	1.2013698630136986	8.663179109179763
878	1.2027397260273973	8.716752953796991
879	1.204109589041096	8.976365835052887
880	1.2054794520547945	8.279077192150272
881	1.2068493150684931	9.133557351102308
882	1.2082191780821918	9.103740966982064
883	1.2095890410958905	7.895293952792582
884	1.210958904109589	7.814666264316426
885	1.2123287671232876	7.630843770631828
886	1.2136986301369863	8.111588348811168
887	1.215068493150685	8.237669175683212
888	1.2164383561643834	8.974971566384246
889	1.2178082191780821	8.129998287482293
890	1.2191780821917808	8.508597909194854
891	1.2205479452054795	8.532166486302893
892	1.2219178082191782	8.799226125416551
893	1.2232876712328768	8.292532049160787
894	1.2246575342465753	8.347167709862301
895	1.226027397260274	8.448679338362195
896	1.2273972602739727	8.704599603492094
897	1.2287671232876711	8.95685937279762
898	1.2301369863013698	8.75683959058031
899	1.2315068493150685	8.690766922136927
900	1.2328767123287672	9.297316950053869
901	1.2342465753424656	8.454250711552243
902	1.2356164383561643	8.742188289986403
903	1.236986301369863	8.346180553589054
904	1.2383561643835617	8.34078657346646
905	1.2397260273972603	8.320944544764632
906	1.241095890410959	7.9677132286551915
907	1.2424657534246575	8.062986519676667
908	1.2438356164383562	8.271220397148191
909	1.2452054794520548	8.512608945818913
910	1.2465753424657535	8.570433150908858
911	1.2479452054794522	8.411917116627533
912	1.2493150684931507	7.984666217757601
913	1.2506849315068493	8.437655843988116
914	1.2520547945205478	7.548338784860245
915	1.2534246575342467	8.866189981130972
916	1.2547945205479452	8.517125109529124
917	1.2561643835616438	8.861028658680379
918	1.2575342465753425	8.939617558580668
919	1.258904109589041	9.313633337625914
920	1.2602739726027399	8.739548771909504
921	1.2616438356164383	8.329420492867376
922	1.2630136986301368	7.838029056028124
923	1.2643835616438357	8.788746305314898
924	1.2657534246575342	8.849559948876108
925	1.2671232876712328	8.435130397216714
926	1.2684931506849315	8.597642031480493
927	1.2698630136986302	8.933914523066258
928	1.2712328767123289	8.462765185950943
929	1.2726027397260273	8.022549670761409
930	1.273972602739726	8.905398220307001
931	1.2753424657534245	7.773278865176265
932	1.2767123287671234	8.995789999558182
933	1.2780821917808218	9.159103551670155
934	1.2794520547945207	8.69637517638514
935	1.2808219178082192	8.365262369258419
936	1.2821917808219176	8.460450770423401
937	1.2835616438356166	8.768985293281037
938	1.284931506849315	9.123375374080112
939	1.286301369863014	8.446484352982072
940	1.2876712328767124	7.6634228148219945
941	1.2890410958904108	8.084154544010676
942	1.2904109589041095	8.380803878467166
943	1.2917808219178082	8.20154687163129
944	1.2931506849315069	7.731539300031817
945	1.2945205479452055	8.820424488407081
946	1.2958904109589042	7.97726622347909
947	1.2972602739726027	9.284343811183456
948	1.2986301369863011	8.15663942939831
949	1.3	7.85353820347818
950	1.3013698630136985	8.400008378539368
951	1.3027397260273974	8.144974123303285
952	1.3041095890410959	7.834260940218252
953	1.3054794520547945	7.701171564036288
954	1.3068493150684932	7.773345754899083
955	1.3082191780821917	8.471973897893928
956	1.3095890410958906	8.789776572859154
957	1.310958904109589	8.686965709712565
958	1.3123287671232877	7.9471968284237295
959	1.3136986301369862	8.80331567753475
960	1.3150684931506849	8.689469118267965
961	1.3164383561643835	9.133143046662115
962	1.3178082191780822	7.549841877541247
963	1.319178082191781	6.846972665393638
964	1.3205479452054794	7.200601877461173
965	1.3219178082191783	8.292674840767065
966	1.3232876712328767	8.940457429674712
967	1.3246575342465752	8.025799149090435
968	1.326027397260274	7.6024166867256655
969	1.3273972602739725	8.202369474414667
970	1.3287671232876712	9.564498796499905
971	1.33013698630137	7.702907875457815
972	1.3315068493150686	8.847053160623211
973	1.3328767123287673	8.435749221975366
974	1.3342465753424657	8.023339458777096
975	1.3356164383561644	7.789429943374235
976	1.3369863013698629	7.7342122571994425
977	1.3383561643835618	8.92401873570679
978	1.3397260273972602	9.054726999904995
979	1.341095890410959	8.19063387823068
980	1.3424657534246576	8.084537047317614
981	1.343835616438356	7.999283810139185
982	1.345205479452055	8.363143619649476
983	1.3465753424657534	9.337433408968543
984	1.3479452054794523	8.47192047781244
985	1.3493150684931507	8.947376914258667
986	1.3506849315068492	9.033301369330909
987	1.3520547945205479	8.43950709081319
988	1.3534246575342466	8.054614589363934
989	1.3547945205479452	8.319920020337431
990	1.356164383561644	8.683205107561612
991	1.3575342465753424	8.85811299391303
992	1.358904109589041	8.670400571678227
993	1.3602739726027395	8.887101235240882
994	1.3616438356164384	8.857392622864612
995	1.3630136986301369	7.873015380925303
996	1.3643835616438358	7.7665070349647545
997	1.3657534246575342	8.905059833759902
998	1.3671232876712327	8.186774886079375
999	1.3684931506849316	7.938333335826883
1000	1.36986301369863	8.575617470468554
1001	1.371232876712329	8.793909511182457
1002	1.3726027397260274	8.69606811173705
1003	1.373972602739726	8.725345898322121
1004	1.3753424657534246	8.572763774695009
1005	1.3767123287671232	8.21674402469033
1006	1.378082191780822	8.115974787472634
1007	1.3794520547945206	8.098819308782721
1008	1.3808219178082193	7.940067000403051
1009	1.3821917808219177	8.4627018692163
1010	1.3835616438356162	7.426508875363418
1011	1.384931506849315	7.6482090659783815
1012	1.3863013698630136	7.0535745899159386
1013	1.3876712328767125	7.780115472565537
1014	1.389041095890411	8.454115115134345
1015	1.3904109589041096	8.229738034342542
1016	1.3917808219178083	8.265601128572627
1017	1.3931506849315067	8.41908137484045
1018	1.3945205479452056	7.604708608440994
1019	1.395890410958904	7.64657146565826
1020	1.3972602739726028	8.481332126589738
1021	1.3986301369863012	8.70557285959177
1022	1.4000000000000001	8.134473973006997
1023	1.4013698630136986	8.546510132465826
1024	1.4027397260273973	8.39240931568797
1025	1.404109589041096	8.00717261056231
1026	1.4054794520547944	8.697615026198772
1027	1.4068493150684933	7.719988277177793
1028	1.4082191780821918	8.14935734081577
1029	1.4095890410958902	7.796558263941876
1030	1.4109589041095891	8.270759555018293
1031	1.4123287671232876	8.691384993913214
1032	1.4136986301369863	8.78796588689999
1033	1.415068493150685	8.160846375187095
1034	1.4164383561643836	8.781620827402023
1035	1.4178082191780823	8.361881920698098
1036	1.4191780821917808	8.95360169203768
1037	1.4205479452054794	7.6273986893695485
1038	1.421917808219178	7.040280413869287
1039	1.4232876712328768	6.822693298722579
1040	1.4246575342465753	7.155664734510095
1041	1.4260273972602742	8.122272199464716
1042	1.4273972602739726	8.19530190949314
1043	1.428767123287671	7.724360370559203
1044	1.43013698630137	7.608351735926138
1045	1.4315068493150684	7.5440484837312445
1046	1.4328767123287673	8.056934834341117
1047	1.4342465753424658	8.100306460206856
1048	1.4356164383561643	7.918762408812945
1049	1.436986301369863	8.459354638796345
1050	1.4383561643835616	8.775443916812746
1051	1.4397260273972603	8.106237319282817
1052	1.441095890410959	8.473259571494648
1053	1.4424657534246577	8.335379658538276
1054	1.4438356164383561	7.258099118264734
1055	1.4452054794520546	7.848361454752068
1056	1.4465753424657535	8.237434548088496
1057	1.447945205479452	8.317395996741922
1058	1.4493150684931508	7.010067976113284
1059	1.4506849315068493	7.48570272975035
1060	1.4520547945205478	8.482306319625698
1061	1.4534246575342467	8.341230207597109
1062	1.4547945205479451	9.365520381667482
1063	1.456164383561644	8.160049321320342
1064	1.4575342465753425	7.192030274408466
1065	1.4589041095890412	7.947832613171777
1066	1.4602739726027396	7.815320953971398
1067	1.4616438356164383	8.472238178375893
1068	1.463013698630137	9.227101389427418
1069	1.4643835616438357	8.311800877242565
1070	1.4657534246575343	8.40849636306186
1071	1.4671232876712328	8.556092045162213
1072	1.4684931506849317	8.164872095978577
1073	1.4698630136986301	8.012909317971907
1074	1.4712328767123286	8.639558299865532
1075	1.4726027397260275	7.577570855593487
1076	1.473972602739726	7.352102504081367
1077	1.4753424657534246	7.998549304898473
1078	1.4767123287671233	9.334718475131691
1079	1.4780821917808218	7.209570957175583
1080	1.4794520547945207	7.353574472737466
1081	1.4808219178082191	8.162890625239692
1082	1.4821917808219178	7.9008214680322775
1083	1.4835616438356163	8.271870891895196
1084	1.4849315068493152	8.398073867319699
1085	1.4863013698630136	8.11309976008969
1086	1.4876712328767123	8.10126960363467
1087	1.489041095890411	7.92113092889974
1088	1.4904109589041095	8.023500384261737
1089	1.4917808219178084	8.759290877726052
1090	1.4931506849315068	8.291619901629911
1091	1.4945205479452057	8.29176414976909
1092	1.4958904109589042	8.276221964315198
1093	1.4972602739726026	8.157888382946663
1094	1.4986301369863013	9.245430158852306
1095	1.5	8.37440102809203
1096	1.5013698630136987	8.415237268707958
1097	1.5027397260273974	7.793305344542067
1098	1.5041095890410958	8.955267590154214
1099	1.5054794520547945	9.584247396499185
1100	1.506849315068493	8.52495783662193
1101	1.5082191780821919	8.46660348231689
1102	1.5095890410958903	8.07502444069027
1103	1.5109589041095892	7.933283070069827
1104	1.5123287671232877	9.130235381834677
1105	1.5136986301369861	8.101001028277377
1106	1.515068493150685	7.9081603923238815
1107	1.5164383561643835	8.160612882462301
1108	1.5178082191780824	8.823884933558608
1109	1.5191780821917809	7.2491415945711655
1110	1.5205479452054795	7.722797892230625
1111	1.521917808219178	7.506088459626341
1112	1.5232876712328767	7.555315107471868
1113	1.5246575342465754	7.832535886532785
1114	1.526027397260274	8.178361448183912
1115	1.5273972602739727	7.42939977694664
1116	1.5287671232876712	7.730260746736389
1117	1.5301369863013696	8.637652128548993
1118	1.5315068493150685	8.41976581342881
1119	1.532876712328767	8.129891312326418
1120	1.534246575342466	8.165932300028688
1121	1.5356164383561643	8.40643151418436
1122	1.536986301369863	8.389182957568217
1123	1.5383561643835617	7.606826142016146
1124	1.5397260273972602	7.838677492669987
1125	1.541095890410959	7.990025174416948
1126	1.5424657534246575	7.507713835221514
1127	1.5438356164383562	9.057875442031966
1128	1.5452054794520547	8.729113000710823
1129	1.5465753424657533	8.333890118163742
1130	1.547945205479452	8.498963079048659
1131	1.5493150684931507	8.181027334758504
1132	1.5506849315068494	8.101293628510785
1133	1.5520547945205478	7.429833172858862
1134	1.5534246575342467	7.619845886088912
1135	1.5547945205479452	7.736486353525628
1136	1.5561643835616437	8.75628589488231
1137	1.5575342465753426	8.386233920171104
1138	1.558904109589041	7.793807894787898
1139	1.5602739726027397	8.48948451725074
1140	1.5616438356164384	8.561683873872315
1141	1.563013698630137	8.695790557973758
1142	1.5643835616438357	7.427682237047046
1143	1.5657534246575342	6.952046836951598
1144	1.5671232876712329	7.518910552798213
1145	1.5684931506849313	7.734075587406724
1146	1.5698630136986302	7.99240869576775
1147	1.5712328767123287	8.373604212892547
1148	1.5726027397260274	9.323279367707215
1149	1.573972602739726	8.127509435389369
1150	1.5753424657534245	7.7257379261221155
1151	1.5767123287671234	8.652071858438894
1152	1.5780821917808219	7.936251499180934
1153	1.5794520547945208	8.23339868410959
1154	1.5808219178082192	7.651711219830325
1155	1.5821917808219177	8.215774083836328
1156	1.5835616438356164	8.241798414252097
1157	1.584931506849315	8.550325279880907
1158	1.5863013698630137	9.148257341282353
1159	1.5876712328767124	8.16410185027913
1160	1.589041095890411	8.116227760490041
1161	1.5904109589041096	7.892231914472154
1162	1.591780821917808	7.108141867762501
1163	1.593150684931507	7.761362660991102
1164	1.5945205479452054	7.699201846626331
1165	1.5958904109589043	7.129521871364522
1166	1.5972602739726027	7.353177537857222
1167	1.5986301369863012	7.871269561816248
1168	1.6	7.7769340403166956
1169	1.6013698630136985	8.023045507534386
1170	1.6027397260273974	8.176960305565444
1171	1.604109589041096	7.763905496787392
1172	1.6054794520547946	8.179378928041022
1173	1.606849315068493	7.700791930022815
1174	1.6082191780821917	7.381876899609001
1175	1.6095890410958904	7.780404807752625
1176	1.610958904109589	8.38313438748767
1177	1.6123287671232878	8.50808207508328
1178	1.6136986301369862	8.505520124456794
1179	1.6150684931506851	8.249623901263108
1180	1.6164383561643836	8.258641370556175
1181	1.617808219178082	7.518105684382501
1182	1.619178082191781	8.288785279407495
1183	1.6205479452054794	8.154978998854396
1184	1.621917808219178	8.4832413022659
1185	1.6232876712328768	9.071891354504114
1186	1.6246575342465752	8.331667760209573
1187	1.6260273972602741	8.032519385281029
1188	1.6273972602739726	8.12960912952352
1189	1.6287671232876713	7.723827898500744
1190	1.6301369863013697	7.289252836953913
1191	1.6315068493150686	7.446258260909967
1192	1.632876712328767	7.08253825778975
1193	1.6342465753424658	7.931574407761778
1194	1.6356164383561644	8.697639725595119
1195	1.636986301369863	8.81045834766988
1196	1.6383561643835618	7.97480663003068
1197	1.6397260273972603	8.236170631908493
1198	1.6410958904109587	7.434507025178867
1199	1.6424657534246576	8.123066436019485
1200	1.643835616438356	8.262041621367663
1201	1.6452054794520548	8.065987521708703
1202	1.6465753424657534	8.626087439039095
1203	1.6479452054794521	8.026774538618712
1204	1.6493150684931508	8.370017667665275
1205	1.6506849315068493	7.59959862862888
1206	1.652054794520548	7.7339792226047
1207	1.6534246575342464	7.58223380720492
1208	1.6547945205479453	7.726616557233685
1209	1.6561643835616437	7.443581276193584
1210	1.6575342465753427	7.9250205474083515
1211	1.658904109589041	8.080811097884231
1212	1.6602739726027396	8.274366770449754
1213	1.6616438356164385	7.453397764739375
1214	1.663013698630137	7.083005753989203
1215	1.6643835616438358	7.733597687517354
1216	1.6657534246575343	7.83886205671304
1217	1.6671232876712327	7.259435936659185
1218	1.6684931506849314	8.098550897782824
1219	1.66986301369863	7.25240754141808
1220	1.6712328767123288	7.560327057509381
1221	1.6726027397260275	7.410215973613019
1222	1.6739726027397261	8.100814444030883
1223	1.6753424657534246	8.056647350215608
1224	1.676712328767123	8.553111114348445
1225	1.678082191780822	8.22206909490815
1226	1.6794520547945204	7.6065174802441735
1227	1.6808219178082193	8.115221845597933
1228	1.6821917808219178	7.397928632806923
1229	1.6835616438356165	8.058204328529955
1230	1.6849315068493151	7.829770141774517
1231	1.6863013698630136	7.64270386969764
1232	1.6876712328767125	7.675074015631849
1233	1.689041095890411	8.670523085404206
1234	1.6904109589041096	7.495828206131805
1235	1.691780821917808	7.129509208082146
1236	1.6931506849315068	7.230524778405262
1237	1.6945205479452055	7.544441010896104
1238	1.6958904109589041	8.337070312249928
1239	1.6972602739726028	9.144646386115678
1240	1.6986301369863013	8.673789305902165
1241	1.7000000000000002	8.998482634141666
1242	1.7013698630136986	8.371583749132451
1243	1.702739726027397	8.756103954736972
1244	1.704109589041096	7.577338510253798
1245	1.7054794520547945	7.421065510640448
1246	1.7068493150684931	7.362222471569932
1247	1.7082191780821918	8.076956809385859
1248	1.7095890410958905	7.897255074713852
1249	1.7109589041095892	7.520629979712145
1250	1.7123287671232876	8.466772649573167
1251	1.7136986301369863	9.108961397057712
1252	1.7150684931506848	8.60602091862803
1253	1.7164383561643837	8.077108494437438
1254	1.7178082191780821	8.283694490887271
1255	1.7191780821917808	7.929921184031834
1256	1.7205479452054795	7.420472506984875
1257	1.721917808219178	7.7107317139788485
1258	1.7232876712328768	8.395611394785165
1259	1.7246575342465753	7.507981039619315
1260	1.7260273972602742	8.07077801079821
1261	1.7273972602739727	7.202212437975766
1262	1.7287671232876711	7.575353982212458
1263	1.7301369863013698	8.176003471775475
1264	1.7315068493150685	8.672225661065973
1265	1.7328767123287672	8.464427126687916
1266	1.7342465753424658	8.153615916023808
1267	1.7356164383561643	7.5963293132545004
1268	1.736986301369863	8.12650042711141
1269	1.7383561643835614	7.484384676570334
1270	1.7397260273972603	6.992436953577743
1271	1.7410958904109588	7.004557846548051
1272	1.7424657534246577	7.828413229085231
1273	1.7438356164383562	7.599244620471267
1274	1.7452054794520546	7.707381653012515
1275	1.7465753424657535	7.611297925031403
1276	1.747945205479452	7.384868147464844
1277	1.7493150684931509	7.547846661274069
1278	1.7506849315068493	8.177627433413928
1279	1.752054794520548	7.871406621469782
1280	1.7534246575342465	7.386073968749608
1281	1.7547945205479452	7.6075325782218055
1282	1.7561643835616438	8.002819230595925
1283	1.7575342465753425	7.569154105869149
1284	1.7589041095890412	7.353488971068558
1285	1.7602739726027397	7.522235506511744
1286	1.7616438356164381	7.826411392105059
1287	1.763013698630137	7.8929936856576886
1288	1.7643835616438355	7.538904454170421
1289	1.7657534246575344	7.819846910563088
1290	1.7671232876712328	8.388613043563929
1291	1.7684931506849315	7.0281279623726896
1292	1.7698630136986302	7.710406909014104
1293	1.7712328767123287	7.387828739561444
1294	1.7726027397260276	8.55628761676075
1295	1.773972602739726	8.50719556943388
1296	1.7753424657534247	7.653657724949312
1297	1.7767123287671232	7.60726566847591
1298	1.778082191780822	6.6838167731388936
1299	1.7794520547945205	6.874814049788144
1300	1.7808219178082192	7.339622026724078
1301	1.7821917808219179	7.188098537738372
1302	1.7835616438356163	7.937592073999989
1303	1.7849315068493152	7.089912617793467
1304	1.7863013698630137	7.001406710699242
1305	1.7876712328767121	7.299345124569728
1306	1.789041095890411	7.388034837256459
1307	1.7904109589041095	8.334404957475865
1308	1.7917808219178082	7.895639025189388
1309	1.7931506849315069	8.622827912361604
1310	1.7945205479452055	8.781467132718497
1311	1.7958904109589042	8.189899642568204
1312	1.7972602739726027	7.907463091125265
1313	1.7986301369863014	6.654103724671532
1314	1.7999999999999998	6.692299825421814
1315	1.8013698630136987	6.511833619007829
1316	1.8027397260273972	7.43272788958368
1317	1.804109589041096	7.880010377781836
1318	1.8054794520547945	7.535088558845936
1319	1.806849315068493	7.449917022394719
1320	1.808219178082192	7.923604784154875
1321	1.8095890410958904	8.778590574651856
1322	1.8109589041095893	7.511609534778833
1323	1.8123287671232877	7.2156759912111275
1324	1.8136986301369862	8.716642467633257
1325	1.8150684931506849	8.864353947234557
1326	1.8164383561643835	7.557436792282299
1327	1.8178082191780822	7.755569106123357
1328	1.819178082191781	7.697902224147508
1329	1.8205479452054796	8.113637070506357
1330	1.821917808219178	8.083492364832765
1331	1.8232876712328765	8.072750843113953
1332	1.8246575342465754	8.29817316032963
1333	1.8260273972602739	6.781929124787144
1334	1.8273972602739728	7.123371078669031
1335	1.8287671232876712	7.116549436365875
1336	1.8301369863013697	7.348540615150103
1337	1.8315068493150686	7.554520051655984
1338	1.832876712328767	6.618073127192328
1339	1.834246575342466	7.124452127618737
1340	1.8356164383561644	7.300441719628039
1341	1.836986301369863	7.083067123798017
1342	1.8383561643835615	7.60300420246247
1343	1.8397260273972602	7.52793241932811
1344	1.841095890410959	7.269526695585361
1345	1.8424657534246576	7.1559248097291155
1346	1.8438356164383563	7.155627888310059
1347	1.8452054794520547	7.4389409398846045
1348	1.8465753424657536	7.9151581339349635
1349	1.847945205479452	7.774599919526685
1350	1.8493150684931505	7.6068665981433865
1351	1.8506849315068494	7.245447265102854
1352	1.8520547945205479	8.360697503735949
1353	1.8534246575342466	7.512965335851474
1354	1.8547945205479452	6.910763454804753
1355	1.8561643835616437	8.200859836772405
1356	1.8575342465753426	8.458590183890042
1357	1.858904109589041	7.795596539502782
1358	1.8602739726027397	7.851564257350941
1359	1.8616438356164382	8.363207669472061
1360	1.863013698630137	8.123169224820534
1361	1.8643835616438356	7.943066317933994
1362	1.8657534246575342	8.42321071189289
1363	1.867123287671233	7.915378697742913
1364	1.8684931506849314	7.866518513858907
1365	1.8698630136986303	7.988254993581863
1366	1.8712328767123287	6.940762583076244
1367	1.8726027397260276	7.317223180945716
1368	1.873972602739726	6.184206069121333
1369	1.8753424657534246	6.524654306142735
1370	1.8767123287671232	7.078106794457735
1371	1.878082191780822	6.81631337388734
1372	1.8794520547945206	6.946705609942367
1373	1.8808219178082193	6.615621226544511
1374	1.8821917808219177	7.1344295574836885
1375	1.8835616438356164	7.63142372463689
1376	1.8849315068493149	6.994136413495557
1377	1.8863013698630138	6.634566162832225
1378	1.8876712328767122	6.48485069990186
1379	1.8890410958904111	7.011107724165849
1380	1.8904109589041096	7.778652429841707
1381	1.891780821917808	7.198639919756081
1382	1.893150684931507	8.376923819213008
1383	1.8945205479452054	7.649665027370619
1384	1.8958904109589043	6.617542921058659
1385	1.8972602739726028	7.636780081225686
1386	1.8986301369863012	8.879627934396803
1387	1.9	8.546363192738445
1388	1.9013698630136986	8.178125444192228
1389	1.9027397260273973	6.6464336815152425
1390	1.904109589041096	6.974090306914824
1391	1.9054794520547946	7.640248655486393
1392	1.906849315068493	7.347368506225307
1393	1.9082191780821915	6.648263246087479
1394	1.9095890410958904	6.922467866079805
1395	1.910958904109589	7.466486225241605
1396	1.9123287671232878	8.134561389390587
1397	1.9136986301369863	7.345613439816926
1398	1.915068493150685	7.735503511212417
1399	1.9164383561643836	8.235949952291964
1400	1.917808219178082	8.276056845261257
1401	1.919178082191781	7.808724529247727
1402	1.9205479452054794	7.339235964778984
1403	1.9219178082191781	6.8741885942592225
1404	1.9232876712328766	7.70552802754643
1405	1.9246575342465753	7.761929194405843
1406	1.926027397260274	7.495775900307847
1407	1.9273972602739726	7.914512638635698
1408	1.9287671232876713	7.88618019628366
1409	1.9301369863013698	6.514603985593876
1410	1.9315068493150687	7.621813269579553
1411	1.9328767123287671	6.85368795824574
1412	1.9342465753424656	7.107347096067855
1413	1.9356164383561645	7.866045418926802
1414	1.936986301369863	7.3649797598608995
1415	1.9383561643835616	8.445323499532597
1416	1.9397260273972603	6.706115171064507
1417	1.941095890410959	6.926686702323712
1418	1.9424657534246577	6.438854955272621
1419	1.9438356164383561	7.047910171652901
1420	1.9452054794520548	7.63975726273813
1421	1.9465753424657533	6.948229484636517
1422	1.9479452054794522	7.403411940268047
1423	1.9493150684931506	6.838907592650501
1424	1.9506849315068493	7.182704909032636
1425	1.952054794520548	8.15783171090439
1426	1.9534246575342464	7.500568188895092
1427	1.9547945205479453	7.571146570941265
1428	1.9561643835616438	7.420779560199625
1429	1.9575342465753427	7.568390828358483
1430	1.9589041095890412	7.297908281625421
1431	1.9602739726027396	7.925463645231561
1432	1.9616438356164383	8.44764849597099
1433	1.963013698630137	7.810683620777734
1434	1.9643835616438357	6.616603315347334
1435	1.9657534246575343	6.730744051053429
1436	1.967123287671233	7.492160693320615
1437	1.9684931506849315	7.81467959055909
1438	1.96986301369863	8.471590732856479
1439	1.9712328767123288	8.254897099727044
1440	1.9726027397260273	8.057115948577872
1441	1.9739726027397262	8.288944169593133
1442	1.9753424657534246	7.875654808978006
1443	1.976712328767123	7.647249770510395
1444	1.978082191780822	7.857738404450723
1445	1.9794520547945205	8.222468641276997
1446	1.9808219178082194	7.7893330114525785
1447	1.9821917808219178	7.830135236067563
1448	1.9835616438356165	8.307229933465702
1449	1.984931506849315	7.735245715316849
1450	1.9863013698630136	6.461086377947893
1451	1.9876712328767123	6.875850246641113
1452	1.989041095890411	6.307374466329529
1453	1.9904109589041097	6.541606243511766
1454	1.9917808219178081	7.217176727730748
1455	1.9931506849315066	6.8957979132582015
1456	1.9945205479452055	7.279778148344043
1457	1.995890410958904	7.686841782686938
1458	1.9972602739726029	7.105662656235737
1459	1.9986301369863013	7.401108267490509
1460	2.	6.673162959769373
1461	2.0013698630136987	7.197460627505716
1462	2.0027397260273974	7.6437273670071475
1463	2.004109589041096	8.006062734759816
1464	2.0054794520547943	7.877533960241424
1465	2.0068493150684934	7.466497978780296
1466	2.0082191780821916	7.686383936909011
1467	2.0095890410958903	7.692353062862417
1468	2.010958904109589	7.389023181642247
1469	2.0123287671232877	7.120729639270594
1470	2.0136986301369864	6.836379209902049
1471	2.015068493150685	6.995711726765444
1472	2.0164383561643837	6.487781921939193
1473	2.0178082191780824	7.122578017909897
1474	2.0191780821917806	7.336827541431454
1475	2.0205479452054793	6.903343064253001
1476	2.021917808219178	7.988022397656653
1477	2.0232876712328767	7.263681775295998
1478	2.0246575342465754	6.689026145634982
1479	2.026027397260274	6.317703494413917
1480	2.0273972602739727	6.314256661760854
1481	2.028767123287671	5.382495952412981
1482	2.03013698630137	5.616508244658349
1483	2.0315068493150683	6.89497700579146
1484	2.0328767123287674	7.034044144180903
1485	2.0342465753424657	6.797190760344166
1486	2.0356164383561643	6.853169509595287
1487	2.036986301369863	6.569507684448044
1488	2.0383561643835617	7.011626109741162
1489	2.0397260273972604	7.091591400803129
1490	2.0410958904109586	7.141441774508293
1491	2.0424657534246577	7.28481259405094
1492	2.043835616438356	7.146125478348644
1493	2.0452054794520547	7.587535253625004
1494	2.0465753424657533	8.03730126535022
1495	2.047945205479452	8.426428532483065
1496	2.0493150684931507	7.17174453907546
1497	2.0506849315068494	6.844828345567427
1498	2.052054794520548	6.551820360103014
1499	2.0534246575342467	7.182628365245891
1500	2.054794520547945	6.957449187898323
1501	2.0561643835616437	8.228752576839536
1502	2.0575342465753423	7.732907749250724
1503	2.058904109589041	7.145583210563656
1504	2.0602739726027397	6.851389876737287
1505	2.0616438356164384	6.727367541019446
1506	2.063013698630137	6.579611562879859
1507	2.0643835616438357	7.610147041492632
1508	2.0657534246575344	7.689526552453263
1509	2.0671232876712327	6.525266275196198
1510	2.068493150684932	6.488334065716434
1511	2.06986301369863	7.269795657559646
1512	2.0712328767123287	7.323341291307385
1513	2.0726027397260274	7.134594086151523
1514	2.073972602739726	6.782033657217415
1515	2.0753424657534247	6.69327804781493
1516	2.0767123287671234	6.547706163742097
1517	2.078082191780822	6.6084757595585755
1518	2.0794520547945208	6.568329811416399
1519	2.080821917808219	6.298510745353561
1520	2.0821917808219177	6.582947272195038
1521	2.0835616438356164	6.1649472996867765
1522	2.084931506849315	5.797173031207811
1523	2.0863013698630137	5.800660963209487
1524	2.087671232876712	6.528857185375386
1525	2.089041095890411	6.877325082076776
1526	2.0904109589041093	6.6646681725818695
1527	2.0917808219178085	8.202303302412421
1528	2.0931506849315067	7.5571053964125605
1529	2.094520547945206	7.47199456576039
1530	2.095890410958904	7.343409916366415
1531	2.0972602739726027	7.382221131360234
1532	2.0986301369863014	7.507827100049651
1533	2.1	6.984790643236675
1534	2.1013698630136988	6.4809890361029225
1535	2.102739726027397	6.773086687475215
1536	2.104109589041096	6.669657037463574
1537	2.1054794520547944	6.212547597588617
1538	2.106849315068493	6.851111674254595
1539	2.1082191780821917	6.784741478018845
1540	2.1095890410958904	7.332357848887547
1541	2.110958904109589	8.087163321190738
1542	2.1123287671232878	7.4036926355465145
1543	2.113698630136986	7.6906250476445965
1544	2.115068493150685	7.4445438126279715
1545	2.1164383561643834	7.293888038452456
1546	2.117808219178082	6.925820404322438
1547	2.1191780821917807	7.194906967002126
1548	2.1205479452054794	7.513099876142926
1549	2.121917808219178	7.610877246225613
1550	2.1232876712328768	7.666482053549645
1551	2.1246575342465754	7.336500621573072
1552	2.126027397260274	6.9418187567555805
1553	2.127397260273973	7.269046214374791
1554	2.128767123287671	7.4713182161419756
1555	2.13013698630137	6.555218479011854
1556	2.1315068493150684	6.338219734332711
1557	2.132876712328767	6.6864476720695505
1558	2.1342465753424658	7.160723885639705
1559	2.1356164383561644	7.114297598666893
1560	2.136986301369863	6.557322851571332
1561	2.138356164383562	6.498992060416362
1562	2.13972602739726	6.9500737064469025
1563	2.141095890410959	7.058485159736845
1564	2.1424657534246574	7.56507364804875
1565	2.143835616438356	7.513439256377
1566	2.1452054794520548	6.976711254288327
1567	2.1465753424657534	7.281667601449405
1568	2.147945205479452	7.281637162701943
1569	2.1493150684931503	6.098507661561163
1570	2.1506849315068495	6.458012998496437
1571	2.1520547945205477	6.024186149154801
1572	2.153424657534247	6.1402973137652115
1573	2.154794520547945	6.50593940778911
1574	2.156164383561644	7.491024969876856
1575	2.1575342465753424	6.4669636641866575
1576	2.158904109589041	6.394515490903079
1577	2.16027397260274	6.5441815320481735
1578	2.1616438356164385	6.9168713368794315
1579	2.163013698630137	6.74510829648983
1580	2.1643835616438354	7.6574058282267785
1581	2.165753424657534	7.344059145454723
1582	2.1671232876712327	8.301027032836695
1583	2.1684931506849314	6.986764331334577
1584	2.16986301369863	6.761074478372816
1585	2.171232876712329	5.92854579670055
1586	2.1726027397260275	5.973210795914894
1587	2.173972602739726	7.089792882349828
1588	2.1753424657534244	6.944207524814131
1589	2.1767123287671235	7.001654359352113
1590	2.1780821917808217	6.65049571992406
1591	2.1794520547945204	6.131430684189142
1592	2.180821917808219	6.470458687427963
1593	2.182191780821918	5.930653631729167
1594	2.1835616438356165	6.105646633368232
1595	2.184931506849315	6.4883414015339484
1596	2.186301369863014	7.481479243200653
1597	2.1876712328767125	7.459892743157463
1598	2.189041095890411	7.330729565456066
1599	2.1904109589041094	6.8002064784905425
1600	2.191780821917808	6.388471965192948
1601	2.1931506849315068	6.570806246829433
1602	2.1945205479452055	6.649514070314585
1603	2.195890410958904	6.634717447945767
1604	2.197260273972603	6.596203389182613
1605	2.1986301369863015	6.112728081932134
1606	2.2	6.602045119036146
1607	2.2013698630136984	6.889917511557558
1608	2.2027397260273975	6.836936224777682
1609	2.2041095890410958	7.675947449737927
1610	2.2054794520547945	6.965359261452936
1611	2.206849315068493	7.3914138036675965
1612	2.208219178082192	6.446388393318068
1613	2.2095890410958905	5.999578531940457
1614	2.2109589041095887	6.595559924481305
1615	2.212328767123288	7.209952916577569
1616	2.213698630136986	7.373883102293559
1617	2.215068493150685	6.456650842137991
1618	2.2164383561643834	7.436973691588452
1619	2.217808219178082	6.85955307901977
1620	2.219178082191781	6.305619139884721
1621	2.2205479452054795	6.281219963233025
1622	2.221917808219178	5.813370026403609
1623	2.223287671232877	6.388824377151237
1624	2.2246575342465755	5.801203464882321
1625	2.2260273972602738	6.251642988485678
1626	2.2273972602739724	6.3382617433224455
1627	2.228767123287671	7.389300842260111
1628	2.23013698630137	7.469919597349902
1629	2.2315068493150685	7.0980022306060935
1630	2.232876712328767	6.629418322561646
1631	2.234246575342466	7.258001687643934
1632	2.2356164383561645	8.362494511088839
1633	2.2369863013698628	7.383828119769674
1634	2.238356164383562	7.662803882298114
1635	2.23972602739726	6.949184765816012
1636	2.241095890410959	6.593135007537562
1637	2.2424657534246575	7.037878816430242
1638	2.243835616438356	6.717002902251687
1639	2.245205479452055	8.27474420041046
1640	2.2465753424657535	7.555953376139577
1641	2.247945205479452	7.006283070754131
1642	2.249315068493151	6.73825300994915
1643	2.2506849315068496	7.141215703167928
1644	2.252054794520548	8.00192133616249
1645	2.2534246575342465	8.072767304114546
1646	2.254794520547945	7.000597659917907
1647	2.256164383561644	7.418347219772139
1648	2.2575342465753425	7.319831329097124
1649	2.258904109589041	6.766234767892259
1650	2.2602739726027394	6.268470271293871
1651	2.2616438356164386	6.983333976067983
1652	2.263013698630137	6.448753362320815
1653	2.264383561643836	5.672142228815641
1654	2.265753424657534	6.155844364387607
1655	2.267123287671233	5.811967133634394
1656	2.2684931506849315	5.709841477709636
1657	2.26986301369863	6.115575957307127
1658	2.271232876712329	5.293062669332024
1659	2.272602739726027	5.705807495233464
1660	2.2739726027397262	6.1647049152507485
1661	2.2753424657534245	6.897782135099473
1662	2.276712328767123	7.379353946385498
1663	2.278082191780822	6.871611686108642
1664	2.2794520547945205	7.159530756864378
1665	2.280821917808219	6.860836751011139
1666	2.282191780821918	6.9059010980867965
1667	2.2835616438356166	7.053891732158673
1668	2.2849315068493152	7.602157689122901
1669	2.2863013698630135	7.12188608591735
1670	2.287671232876712	7.674792357097582
1671	2.289041095890411	6.924235764998839
1672	2.2904109589041095	6.785880300151561
1673	2.291780821917808	6.395056145675191
1674	2.293150684931507	5.983597874880976
1675	2.2945205479452055	6.769572902335742
1676	2.2958904109589042	7.004113464258007
1677	2.297260273972603	6.95239839306463
1678	2.298630136986301	6.776843601139945
1679	2.3000000000000003	6.767264730316595
1680	2.3013698630136985	7.14251165391207
1681	2.302739726027397	6.984977545735999
1682	2.304109589041096	6.897453374873432
1683	2.3054794520547945	7.768425828489051
1684	2.3068493150684932	7.1990077518101625
1685	2.308219178082192	7.459803874732298
1686	2.3095890410958906	8.122743587876387
1687	2.3109589041095893	7.851589987997815
1688	2.3123287671232875	6.924587225641925
1689	2.313698630136986	6.504903108691812
1690	2.315068493150685	6.231490607188587
1691	2.3164383561643835	5.897786255209238
1692	2.317808219178082	6.198898991447075
1693	2.319178082191781	6.74075512294612
1694	2.3205479452054796	6.514944119297988
1695	2.321917808219178	7.113119502432425
1696	2.323287671232877	6.7743284382908
1697	2.324657534246575	7.041675470653154
1698	2.3260273972602743	7.631712383730117
1699	2.3273972602739725	7.043730499361766
1700	2.328767123287671	5.694059438665658
1701	2.33013698630137	6.407985745166085
1702	2.3315068493150686	6.509377226697849
1703	2.3328767123287673	6.631703143935295
1704	2.3342465753424655	6.03384219513013
1705	2.3356164383561646	5.870840440048224
1706	2.336986301369863	6.225906900319701
1707	2.3383561643835615	5.950804975248569
1708	2.33972602739726	5.78838793847175
1709	2.341095890410959	6.441975864100969
1710	2.3424657534246576	6.950846011367216
1711	2.3438356164383563	7.1793756525251355
1712	2.345205479452055	5.519883394465461
1713	2.3465753424657536	5.893508702112889
1714	2.347945205479452	6.098595089207882
1715	2.3493150684931505	6.363539032599847
1716	2.350684931506849	6.37900206050621
1717	2.352054794520548	5.937122853356947
1718	2.3534246575342466	6.19166671125023
1719	2.3547945205479452	6.231386927777995
1720	2.356164383561644	6.910477013757968
1721	2.3575342465753426	6.558769704343302
1722	2.3589041095890413	6.782047983030361
1723	2.3602739726027395	6.720456589483613
1724	2.3616438356164386	7.214419070663894
1725	2.363013698630137	6.6965634401426435
1726	2.3643835616438356	5.972650406943916
1727	2.3657534246575342	5.563120979327985
1728	2.367123287671233	6.031551797178764
1729	2.3684931506849316	5.495061722183781
1730	2.3698630136986303	5.790273071075085
1731	2.3712328767123285	6.032876308655591
1732	2.3726027397260276	6.2181073445005275
1733	2.373972602739726	6.69085503212496
1734	2.3753424657534246	6.397649445517386
1735	2.3767123287671232	6.604387052560317
1736	2.378082191780822	6.680645289996819
1737	2.3794520547945206	6.593005211476653
1738	2.380821917808219	6.769437501852127
1739	2.382191780821918	6.416704840730397
1740	2.383561643835616	7.39401103531741
1741	2.3849315068493153	6.762220274490096
1742	2.3863013698630136	6.773547219826141
1743	2.3876712328767127	6.0654210290816675
1744	2.389041095890411	5.029654465857117
1745	2.3904109589041096	4.788840707383521
1746	2.3917808219178083	5.051060799281489
1747	2.393150684931507	5.250878535794273
1748	2.3945205479452056	5.125629057446891
1749	2.395890410958904	6.023789349385504
1750	2.3972602739726026	5.456473140899325
1751	2.3986301369863012	5.598392631460284
1752	2.4	6.01759972736685
1753	2.4013698630136986	5.104906858462544
1754	2.4027397260273973	5.549690528516914
1755	2.404109589041096	6.517377015448812
1756	2.4054794520547946	6.177779305803272
1757	2.406849315068493	6.771747357219172
1758	2.408219178082192	6.251820039712014
1759	2.4095890410958902	6.427044370756598
1760	2.410958904109589	6.210315405909618
1761	2.4123287671232876	6.50693226159778
1762	2.4136986301369863	7.161065872287436
1763	2.415068493150685	7.7315462956557495
1764	2.4164383561643836	7.442049114200078
1765	2.4178082191780823	7.3636458420005715
1766	2.419178082191781	6.58920643946352
1767	2.4205479452054797	6.573691529421346
1768	2.421917808219178	6.906315774565309
1769	2.4232876712328766	7.2218919697653465
1770	2.4246575342465753	6.438587472481442
1771	2.426027397260274	6.8129090382874375
1772	2.4273972602739726	6.2115268223987075
1773	2.4287671232876713	5.4638001288104565
1774	2.43013698630137	6.050714326145184
1775	2.4315068493150687	6.312764300391294
1776	2.432876712328767	5.832965596272265
1777	2.434246575342466	6.1475381895099135
1778	2.4356164383561643	6.118148424561173
1779	2.436986301369863	5.538761129919734
1780	2.4383561643835616	4.931732069841605
1781	2.4397260273972603	5.591107535582479
1782	2.441095890410959	6.2238833503439475
1783	2.442465753424657	5.454688866171537
1784	2.4438356164383563	5.963390055190513
1785	2.4452054794520546	5.93824879670919
1786	2.4465753424657537	6.0862333057377835
1787	2.447945205479452	6.067979997741719
1788	2.4493150684931506	6.664683293344712