0.	49.43781816467015
0.0052917721067000005	49.42449966063492
0.010583544213400001	49.38316220468522
0.0158753163201	49.314300317502365
0.021167088426800002	49.21796316189744
0.026458860533500002	49.094220113299066
0.0317506326402	48.943160256342765
0.0370424047469	48.76489228418878
0.042334176853600004	48.55954438151319
0.0476259489603	48.327264096614336
0.052917721067000004	48.06821818086565
0.0582094931737	47.782592403678265
0.0635012652804	47.47059141372292
0.0687930373871	47.13243845321041
0.0740848094938	46.76837515924848
0.0793765816005	46.37866132438158
0.08466835370720001	45.96357461087141
0.0899601258139	45.52341026769841
0.0952518979206	45.05848082579426
0.1005436700273	44.569115779668714
0.10583544213400001	44.055661244546066
0.1111272142407	43.51847959717491
0.1164189863474	42.95794910847438
0.12171075845410001	42.37446355713253
0.1270025305608	41.76843182415662
0.1322943026675	41.14027748198123
0.1375860747742	40.490438353643775
0.14287784688090002	39.8193660801235
0.1481696189876	39.127525652305614
0.1534613910943	38.415394951108894
0.158753163201	37.68346426856525
0.1640449353077	36.93223579896685
0.16933670741440002	36.162223184435945
0.1746284795211	35.373950889062996
0.1799202516278	34.567953834274135
0.1852120237345	33.74477676208466
0.1905037958412	32.90497373713076
0.1957955679479	32.04910758339374
0.2010873400546	31.177749353578058
0.2063791121613	30.291477763114468
0.21167088426800001	29.390878626884316
0.2169626563747	28.476544304107303
0.2222544284814	27.549073118738935
0.2275462005881	26.609068793473696
0.2328379726948	25.657139878305966
0.2381297448015	24.69389916820631
0.24342151690820002	23.71996313712472
0.2487132890149	22.735951352945744
0.2540050611216	21.74248590604943
0.2592968332283	20.7401908378722
0.264588605335	19.729691558583184
0.2698803774417	18.711614297414243
0.2751721495484	17.68658551761515
0.28046392165510003	16.65523136134133
0.28575569376180004	15.618177097262704
0.29104746586850005	14.576046595383966
0.2963392379752	13.52946157328917
0.30163101008189996	12.479041623353123
0.3069227821886	11.42540285217209
0.3122145542953	10.369158019341846
0.317506326402	9.310915819077112
0.3227980985087	8.25128211832959
0.3280898706154	7.1908521716104445
0.3333816427221	6.1302212034983175
0.33867341482880003	5.069975842495007
0.34396518693550004	4.0106982517138725
0.3492569590422	2.9529622376516262
0.3545487311489	1.8973332991688348
0.3598405032556	0.8443696996185257
0.3651322753623	-0.2053771576366853
0.370424047469	-1.2513670068544755
0.3757158195757	-2.293067332095257
0.3810075916824	-3.3299537345758865
0.3862993637891	-4.3615140579157865
0.3915911358958	-5.38724430642904
0.39688290800250003	-6.406652261517598
0.4021746801092	-7.419256409542661
0.4074664522159	-8.424585677874246
0.4127582243226	-9.422180936959682
0.4180499964293	-10.411594575826
0.42334176853600003	-11.392390981000315
0.42863354064270004	-12.364146626307413
0.4339253127494	-13.326450461992561
0.4392170848561	-14.278903999076801
0.4445088569628	-15.221121584191968
0.44980062906949997	-16.152730494820506
0.4550924011762	-17.073371200524818
0.4603841732829	-17.982697444581387
0.4656759453896	-18.880376393643413
0.4709677174963	-19.76608868944245
0.476259489603	-20.639528639268107
0.48155126170970003	-21.500404243179428
0.48684303381640004	-22.3484372511488
0.49213480592310005	-23.183363231090436
0.4974265780298	-24.004931579744905
0.5027183501365	-24.81290557165965
0.5080101222432	-25.607062310208477
0.5133018943499	-26.387192760245224
0.5185936664566	-27.15310169640213
0.5238854385633	-27.90460766227275
0.52917721067	-28.641542907825762
0.5344689827767	-29.36375332953995
0.5397607548834	-30.071098367000893
0.5450525269901	-30.76345091038227
0.5503442990968	-31.440697194321476
0.5556360712035	-32.10273647954638
0.5609278433102001	-32.74948182567868
0.5662196154169	-33.38085812657187
0.5715113875236001	-33.99680377292689
0.5768031596303	-34.59726952029848
0.5820949317370001	-35.1822185598448
0.5873867038437001	-35.75162622444443
0.5926784759504	-36.30547878595312
0.5979702480571	-36.843779115172104
0.6032620201637999	-37.366534118351154
0.6085537922705	-37.87376709387897
0.6138455643772	-38.36551123148303
0.6191373364839	-38.8418104993209
0.6244291085906	-39.302719423567815
0.6297208806973	-39.748302854398915
0.635012652804	-40.17863568571192
0.6403044249106999	-40.59380238437012
0.6455961970174	-40.993897624227706
0.6508879691241	-41.3790242017376
0.6561797412308	-41.74929450536628
0.6614715133375	-42.1048293591099
0.6667632854442	-42.445757880995046
0.6720550575509	-42.77221719191696
0.6773468296576001	-43.084352099987385
0.6826386017643	-43.38231478760373
0.6879303738710001	-43.666264514844855
0.6932221459777	-43.93636730654022
0.6985139180844	-44.192795584916084
0.7038056901911001	-44.43572794918339
0.7090974622978	-44.665348789135976
0.7143892344045001	-44.881847999431095
0.7196810065112	-45.08542065849502
0.7249727786179001	-45.276266715592136
0.7302645507246	-45.45459068333623
0.7355563228313	-45.62060132203848
0.740848094938	-45.77451134038217
0.7461398670446999	-45.91653708521286
0.7514316391514	-46.046898242213196
0.7567234112580999	-46.16581754201993
0.7620151833648	-46.27352045001408
0.7673069554715	-46.37023489420712
0.7725987275782	-46.45619098224253
0.7778904996849	-46.53162066941692
0.7831822717916	-46.59675755731572
0.7884740438983	-46.65183657271888
0.7937658160050001	-46.69709369820813
0.7990575881117	-46.73276575719701
0.8043493602184	-46.75909009555769
0.8096411323251	-46.77630438025669
0.8149329044318	-46.78464632996216
0.8202246765385001	-46.78435350279507
0.8255164486452	-46.77566301060966
0.8308082207519001	-46.7588113883788
0.8360999928586	-46.734034194186584
0.8413917649653001	-46.70156626229424
0.8466835370720001	-46.66164074529936
0.8519753091787	-46.61448959849854
0.8572670812854001	-46.560343076476734
0.8625588533920999	-46.499429605213784
0.8678506254988	-46.4319756297006
0.8731423976054999	-46.35820541529612
0.8784341697122	-46.27833426120755
0.8837259418189	-46.192601714708175
0.8890177139256	-46.10120446513834
0.8943094860323	-46.00436374922967
0.8996012581389999	-45.90228998174561
0.9048930302457	-45.79519229035104
0.9101848023524	-45.68327544888906
0.9154765744591	-45.566741463804846
0.9207683465658	-45.44578894284141
0.9260601186725	-45.32061312769338
0.9313518907792	-45.19140576611337
0.9366436628859001	-45.058355046604724
0.9419354349926	-44.92164552767189
0.9472272070993001	-44.781458077955385
0.952518979206	-44.63796981908785
0.9578107513127	-44.491354057665625
0.9631025234194001	-44.341780323344665
0.9683942955261	-44.18941421101451
0.9736860676328001	-44.03441742433651
0.9789778397395	-43.87694777574381
0.9842696118462001	-43.717159099364906
0.9895613839529	-43.555201286398486
0.9948531560596	-43.3912202715077
1.0001449281663	-43.22535791036893
1.005436700273	-43.057752442265375
1.0107284723796999	-42.88853782340806
1.0160202444864	-42.717844189529416
1.0213120165931	-42.54579777152801
1.0266037886998	-42.372521036967676
1.0318955608065	-42.1981321893881
1.0371873329132	-42.02274590845446
1.0424791050199	-41.84647327376558
1.0477708771266	-41.66942126144326
1.0530626492333	-41.491693301965725
1.05835442134	-41.31338912234152
1.0636461934466999	-41.134604933868175
1.0689379655534	-40.95543303484587
1.0742297376601	-40.77596275753373
1.0795215097668	-40.59627964908708
1.0848132818735	-40.416465909660765
1.0901050539802	-40.23660046860105
1.0953968260869	-40.056758976282154
1.1006885981936	-39.877013869413624
1.1059803703003	-39.69743453430865
1.111272142407	-39.518087230692146
1.1165639145136999	-39.33903524952684
1.1218556866204001	-39.16033897287826
1.1271474587271	-38.98205594738554
1.1324392308338	-38.80424093868417
1.1377310029405	-38.62694603753035
1.1430227750472002	-38.450220676127934
1.1483145471539	-38.27411178595435
1.1536063192606	-38.09866377054928
1.1588980913673	-37.92391867150411
1.1641898634740002	-37.749916209278986
1.1694816355807	-37.5766938430679
1.1747734076874001	-37.4042868388271
1.1800651797941	-37.232728304649946
1.1853569519008	-37.06204953635148
1.1906487240075	-36.89227960657652
1.1959404961142	-36.723445794739526
1.2012322682209	-36.5555735625344
1.2065240403275999	-36.38868659203037
1.2118158124343001	-36.2228069244501
1.217107584541	-36.05795494112172
1.2223993566477	-35.89414946688205
1.2276911287544	-35.73140784898969
1.2329829008611	-35.569746000663166
1.2382746729678	-35.40917836298503
1.2435664450745	-35.249718220553945
1.2488582171812	-35.091377551822006
1.2541499892879	-34.934167080796456
1.2594417613946	-34.778096423981104
1.2647335335013001	-34.62317408765522
1.270025305608	-34.46940754134426
1.2753170777147	-34.31680326135809
1.2806088498213999	-34.16536677160807
1.2859006219281002	-34.01510269530869
1.2911923940348	-33.866014798515764
1.2964841661415	-33.71810603094354
1.3017759382482	-33.571378564060616
1.3070677103549002	-33.42583383462818
1.3123594824616	-33.281472582795935
1.3176512545683001	-33.13829487931347
1.322943026675	-32.99630016906852
1.3282347987816998	-32.85548729829832
1.3335265708884	-32.71585454724327
1.3388183429951	-32.57739966824289
1.3441101151018	-32.440119668044716
1.3494018872084999	-32.30401192891341
1.3546936593152001	-32.16907211607519
1.3599854314219	-32.03529629748478
1.3652772035286	-31.90267991523501
1.3705689756353	-31.771218027738186
1.3758607477420002	-31.640905309726076
1.3811525198487	-31.51173609578811
1.3864442919554	-31.38370437492911
1.3917360640621	-31.256803820501844
1.3970278361688	-31.131027803812664
1.4023196082755	-31.00636940228499
1.4076113803822001	-30.882821402180376
1.4129031524889	-30.760376382953858
1.4181949245956	-30.639026608408408
1.4234866967023	-30.51876413009816
1.4287784688090002	-30.399580730184542
1.4340702409157	-30.28146806565661
1.4393620130224	-30.164417518668415
1.4446537851291	-30.048420212865842
1.4499455572358002	-29.933467157606945
1.4552373293425	-29.81954915000099
1.4605291014492	-29.706656804840943
1.4658208735559	-29.59478055732461
1.4711126456626	-29.48391068482378
1.4764044177693	-29.374037298720776
1.481696189876	-29.26515034168733
1.4869879619827	-29.157239612174834
1.4922797340893998	-29.05029478346229
1.4975715061961001	-28.944305422704307
1.5028632783028	-28.839260822220496
1.5081550504095	-28.73515028249387
1.5134468225161999	-28.631962948902554
1.5187385946229002	-28.529687808998638
1.5240303667296	-28.428313804074843
1.5293221388363	-28.327829709434443
1.534613910943	-28.22822422690997
1.5399056830497	-28.1294859494884
1.5451974551564	-28.031603391243713
1.5504892272631001	-27.934564976452297
1.5557809993698	-27.83835908041005
1.5610727714765	-27.74297392058683
1.5663645435832	-27.648397733500467
1.5716563156899002	-27.55461864682325
1.5769480877966	-27.46162481815998
1.5822398599033	-27.369404266337416
1.5875316320100001	-27.27794504283594
1.5928234041167	-27.187235068521318
1.5981151762234	-27.097262321403214
1.6034069483301	-27.008014795818113
1.6086987204368	-26.91948040991063
1.6139904925435	-26.83164711447905
1.6192822646502	-26.744502841273672
1.6245740367569	-26.658035571025298
1.6298658088636	-26.5722333035127
1.6351575809703	-26.48708407116831
1.6404493530770001	-26.402575947241647
1.6457411251837	-26.318697086616375
1.6510328972904	-26.235435636012756
1.6563246693970999	-26.1527799081405
1.6616164415038002	-26.070718240199557
1.6669082136105	-25.989238972111036
1.6721999857172	-25.90833077577493
1.6774917578239	-25.82798224962051
1.6827835299306002	-25.748182092759166
1.6880753020373	-25.668919249204762
1.6933670741440001	-25.59018273372077
1.6986588462507	-25.511961705291004
1.7039506183574	-25.434245488888727
1.7092423904641	-25.357023589082374
1.7145341625708002	-25.280285638333854
1.7198259346775	-25.20402145414254
1.7251177067841998	-25.12822107442001
1.7304094788909001	-25.052874711230718
1.7357012509976	-24.97797278344565
1.7409930231043	-24.903505922184603
1.7462847952109999	-24.82946497081619
1.7515765673177	-24.755840990400106
1.7568683394244	-24.682625295061936
1.7621601115311	-24.609809416618358
1.7674518836378	-24.537385134509655
1.7727436557445	-24.465344483963143
1.7780354278512	-24.39367961177283
1.7833271999579001	-24.322383279710028
1.7886189720646	-24.251448167911903
1.7939107441713	-24.180867544281558
1.7992025162779999	-24.110634148821212
1.8044942883847002	-24.040742131082865
1.8097860604914	-23.97118518346725
1.8150778325981	-23.901957441920672
1.8203696047048	-23.833053347156977
1.8256613768115002	-23.764467584792477
1.8309531489182	-23.6961951234419
1.8362449210249001	-23.62823120927611
1.8415366931316	-23.560571368743243
1.8468284652383002	-23.493211397684167
1.852120237345	-23.426147364053605
1.8574120094517	-23.359375607920132
1.8627037815584	-23.29289273602392
1.8679955536650998	-23.226695619055576
1.8732873257718001	-23.160781388935014
1.8785790978785	-23.095147433369178
1.8838708699852	-23.029791368640655
1.8891626420918999	-22.96471113484752
1.8944544141986002	-22.899904859846423
1.8997461863053	-22.835370856531423
1.905037958412	-22.771107748006393
1.9103297305187	-22.707114372345153
1.9156215026254	-22.64338926829627
1.9209132747321	-22.57993259912806
1.9262050468388001	-22.516743355298107
1.9314968189455	-22.453821177616113
1.9367885910522	-22.39116588104465
1.9420803631589	-22.328777460141445
1.9473721352656002	-22.26665608361709
1.9526639073723	-22.204802064402525
1.957955679479	-22.143215873254725
1.9632474515857	-22.081898119708736
1.9685392236924002	-22.020849541193126
1.9738309957991	-21.960070989424267
1.9791227679058	-21.899563830413744
1.9844145400125	-21.839328336275415
1.9897063121192	-21.779366063500557
1.9949980842259	-21.71967824476496
2.0002898563326	-21.660266180772876
2.0055816284393	-21.601131262026122
2.010873400546	-21.542274849094007
2.0161651726527	-21.483698419554788
2.0214569447593997	-21.42540345370786
2.0267487168661003	-21.367391434573765
2.0320404889728	-21.30966390503809
2.0373322610795	-21.252222356284783
2.0426240331862	-21.195068287661222
2.0479158052929	-21.13820317674566
2.0532075773996	-21.081628490231804
2.0584993495063	-21.025345613179198
2.063791121613	-20.969355933368536
2.0690828937197	-20.91366076238862
2.0743746658264	-20.858261368290037
2.0796664379331	-20.80315891299897
2.0849582100398	-20.74835454211477
2.0902499821465	-20.693849197151398
2.0955417542532	-20.6396438549976
2.1008335263599003	-20.585739323831547
2.1061252984666	-20.532136403667987
2.1114170705733	-20.47883566594603
2.11670884268	-20.4258376412877
2.1220006147867	-20.373142773238587
2.1272923868933997	-20.320751127106018
2.1325841590001002	-20.26866307296485
2.1378759311068	-20.216878485642695
2.1431677032135	-20.165397269899707
2.1484594753202	-20.11421915906431
2.1537512474269	-20.06334376673481
2.1590430195336	-20.012770516029835
2.1643347916403	-19.962498732107008
2.169626563747	-19.91252759046133
2.1749183358537003	-19.862856108761772
2.1802101079604	-19.813483168620362
2.1855018800671	-19.76440750470766
2.1907936521738	-19.715627712916138
2.1960854242805	-19.667142239475663
2.2013771963872	-19.61894939455916
2.2066689684939	-19.57104734684035
2.2119607406006	-19.523434120772613
2.2172525127073004	-19.476107634684915
2.222544284814	-19.42906625317296
2.2278360569207	-19.382305791125578
2.2331278290273997	-19.33582559002723
2.2384196011341	-19.28962243621323
2.2437113732408003	-19.243693608544973
2.2490031453475	-19.198036094722028
2.2542949174542	-19.152647489257877
2.2595866895609	-19.10752422201867
2.2648784616676	-19.06266332968448
2.2701702337743	-19.018061587706057
2.275462005881	-18.973715681736586
2.2807537779877	-18.92962224028534
2.2860455500944004	-18.885777763968086
2.2913373222011	-18.842178739794882
2.2966290943078	-18.79882158130506
2.3019208664144997	-18.75570262584606
2.3072126385212	-18.712818216207598
2.3125044106279002	-18.670164605381828
2.3177961827346	-18.62773803003406
2.3230879548413	-18.58553471594506
2.3283797269480004	-18.54355082358826
2.3336714990547	-18.50178254336962
2.3389632711614	-18.460226049368266
2.3442550432680997	-18.418877510221048
2.3495468153748003	-18.377733105449376
2.3548385874815003	-18.33678903090148
2.3601303595882	-18.29604145249307
2.3654221316949	-18.25548670212932
2.3707139038016	-18.215121011033265
2.3760056759083	-18.174940681177546
2.381297448015	-18.13494203902505
2.3865892201217	-18.095121593354957
2.3918809922284	-18.05547575226431
2.3971727643351	-18.01600107623392
2.4024645364418	-17.97669409581207
2.4077563085485	-17.937551480325116
2.4130480806551997	-17.898570062367725
2.4183398527619	-17.859746592900404
2.4236316248686003	-17.821078029690202
2.4289233969753	-17.782561365878966
2.434215169082	-17.74419370889636
2.4395069411887	-17.705972239642794
2.4447987132954	-17.66789425874878
2.4500904854021	-17.629957175690368
2.4553822575088	-17.59215849246232
2.4606740296155003	-17.55449583078951
2.4659658017222	-17.516966910357773
2.4712575738289	-17.479569603236733
2.4765493459356	-17.442301762448036
2.4818411180423	-17.40516160292476
2.487132890149	-17.368147198100772
2.4924246622557	-17.331256926177463
2.4977164343624	-17.294489067395247
2.5030082064691004	-17.257842288396205
2.5082999785758	-17.22131517418826
2.5135917506825	-17.184906500259046
2.5188835227892	-17.148615180874266
2.5241752948958998	-17.112440154789855
2.5294670670026003	-17.0763805321935
2.5347588391093	-17.040435529397282
2.540050611216	-17.00460446067427
2.5453423833227	-16.968886721931696
2.5506341554294	-16.933281888671942
2.5559259275361	-16.89778898128511
2.5612176996427998	-16.86240945013807
2.5665094717495	-16.827141379549246
2.5718012438562003	-16.79198525388132
2.5770930159629	-16.756941059528593
2.5823847880696	-16.722008869961805
2.5876765601762997	-16.687188837564715
2.592968332283	-16.652481190912972
2.5982601043897002	-16.617886221168405
2.6035518764964	-16.583404298405863
2.6088436486031	-16.549035841680688
2.6141354207098004	-16.51478133807669
2.6194271928165	-16.4806413182159
2.6247189649232	-16.446616369864252
2.6300107370298997	-16.41270711344135
2.6353025091366002	-16.37891421562615
2.6405942812433003	-16.34523837303013
2.64588605335	-16.326831603762177
2.6511778254567	-16.294243117266415
2.6564695975633996	-16.261784467177844
2.6617613696701	-16.229454875250823
2.6670531417768	-16.197253574124268
2.6723449138835	-16.165179804600506
2.6776366859902	-16.13323281020301
2.6829284580969004	-16.101411837176386
2.6882202302036	-16.069716145370936
2.6935120023103	-16.03814499463696
2.6988037744169997	-16.006697650267032
2.7040955465237	-15.97537338843829
2.7093873186304003	-15.944171488049001
2.7146790907371	-15.913091230718578
2.7199708628438	-15.88213190895098
2.7252626349505	-15.851292817971315
2.7305544070572	-15.820573258446958
2.7358461791639	-15.789972536487566
2.7411379512706	-15.759489966366218
2.7464297233773003	-15.729124859634839
2.7517214954840004	-15.698876541451062
2.7570132675907	-15.66874434241479
2.7623050396974	-15.638727590404786
2.7675968118041	-15.608825624184373
2.7728885839108	-15.579037790680287
2.7781803560175002	-15.549363431376987
2.7834721281242	-15.51980190408576
2.7887639002309	-15.490352563896758
2.7940556723376	-15.461014776784694
2.7993474444443	-15.431787906003125
2.804639216551	-15.402671322969043
2.8099309886576997	-15.37366440998398
2.8152227607644003	-15.3447665439072
2.8205145328711	-15.315977115203653
2.8258063049778	-15.287295508896019
2.8310980770845	-15.258721126333802
2.8363898491912	-15.230253360703099
2.8416816212979	-15.201891624237966
2.8469733934046	-15.173635318287916
2.8522651655113	-15.145483863250428
2.8575569376180003	-15.11743667135956
2.8628487097247	-15.08949316301279
2.8681404818314	-15.061652772213291
2.8734322539381	-15.033914919358542
2.8787240260448	-15.006279046615127
2.8840157981515	-14.978744590707361
2.8893075702582	-14.951310993801826
2.8945993423649	-14.923977700786246
2.8998911144716004	-14.896744164711766
2.9051828865783	-14.869609838629525
2.910474658685	-14.842574186475225
2.9157664307916997	-14.815636664021136
2.9210582028984	-14.788796743366376
2.9263499750051003	-14.762053891167778
2.9316417471118	-14.73540758496673
2.9369335192185	-14.708857299583482
2.9422252913252	-14.682402520722839
2.9475170634319	-14.656042731368467
2.9528088355386	-14.629777422667447
2.9581006076453	-14.60360608576686
2.963392379752	-14.577528217256068
2.9686841518587004	-14.551543319166703
2.9739759239654	-14.525650893530404
2.9792676960721	-14.499850447821082
2.9845594681787997	-14.474141492233793
2.9898512402855	-14.44852354240586
2.9951430123922003	-14.42299611669576
3.0004347844989	-14.39755873346195
3.0057265566056	-14.372210919226317
3.0110183287123005	-14.346952200510747
3.016310100819	-14.321782109279402
3.0216018729257	-14.29670017749644
3.0268936450323998	-14.271705948010574
3.0321854171391003	-14.246798955507106
3.0374771892458003	-14.221978748277028
3.0427689613525	-14.197244871890192
3.0480607334592	-14.172596877358734
3.0533525055658997	-14.148034318415915
3.0586442776726	-14.123556751516151
3.0639360497793002	-14.099163733113848
3.069227821886	-14.074854830547967
3.0745195939927	-14.05062960843633
3.0798113660994	-14.026487631396765
3.0851031382061	-14.00242847765279
3.0903949103128	-13.978451714543363
3.0956866824194997	-13.954556925734275
3.1009784545262002	-13.930743689449056
3.1062702266329003	-13.907011586632347
3.1115619987396	-13.883360206392227
3.1168537708463	-13.859789137836767
3.122145542953	-13.836297970074039
3.1274373150597	-13.812886297654385
3.1327290871664	-13.789553720570439
3.1380208592731	-13.766299833372544
3.1433126313798003	-13.743124246937885
3.1486044034865	-13.720026558537946
3.1538961755932	-13.697006379049904
3.1591879476999	-13.674063319350942
3.1644797198066	-13.651196993039381
3.1697714919133	-13.628407013713538
3.1750632640200003	-13.605693003135148
3.1803550361267	-13.583054577623667
3.1856468082334	-13.560491364383108
3.1909385803401	-13.53800298789634
3.1962303524468	-13.515589075367382
3.2015221245535	-13.493249259442516
3.2068138966602	-13.470983172768037
3.2121056687669003	-13.448790447990229
3.2173974408736	-13.4266707259188
3.2226892129803	-13.404623647363453
3.227980985087	-13.382648855855031
3.2332727571937	-13.360745992203238
3.2385645293004	-13.338914708102337
3.2438563014071	-13.317154652525444
3.2491480735138	-13.295465474445683
3.2544398456205004	-13.273846830999588
3.2597316177272	-13.252298379323697
3.2650233898339	-13.230819776554545
3.2703151619406	-13.209410682549807
3.2756069340473	-13.188070762609437
3.2808987061540003	-13.166799679312247
3.2861904782607	-13.145597103400464
3.2914822503674	-13.124462702895183
3.2967740224741005	-13.10339615125977
3.3020657945808	-13.082397119236454
3.3073575666875	-13.061465283009742
3.3126493387941998	-13.040600321485279
3.3179411109009	-13.019801916289849
3.3232328830076003	-12.999069749050236
3.3285246551143	-12.97840350139322
3.333816427221	-12.957802860387869
3.3391081993276996	-12.937267515824377
3.3443999714344	-12.916797154771805
3.3496917435411	-12.896391472462634
3.3549835156478	-12.876050161408198
3.3602752877545	-12.855772916840975
3.3655670598612004	-12.83555943671458
3.3708588319679	-12.815409421703771
3.3761506040746	-12.795322572483295
3.3814423761812997	-12.775298595170188
3.3867341482880002	-12.755337190439201
3.3920259203947003	-12.735438067128506
3.3973176925014	-12.71560093679741
3.4026094646081	-12.695825508284084
3.4079012367148	-12.676111493147834
3.4131930088215	-12.656458608390249
3.4184847809282	-12.636866565570635
3.4237765530349	-12.617335087132854
3.4290683251416003	-12.597863892799634
3.4343600972483004	-12.578452699572555
3.439651869355	-12.559101232616621
3.4449436414617	-12.539809219817974
3.4502354135683997	-12.520576383620474
3.4555271856751	-12.501402451910261
3.4608189577818003	-12.482287158015753
3.4661107298885	-12.46323023254423
3.4714025019952	-12.444231406102968
3.4766942741019	-12.425290414741523
3.4819860462086	-12.406406994509453
3.4872778183153	-12.387580884177451
3.4925695904219998	-12.368811819795072
3.4978613625287003	-12.350099548296427
3.5031531346354	-12.331443808452208
3.5084449067421	-12.31284434719653
3.5137366788488	-12.29430090602122
3.5190284509555	-12.275813234581532
3.5243202230622	-12.25738108525385
3.5296119951689002	-12.23900419953001
3.5349037672756	-12.22068233794981
3.5401955393823004	-12.202415250168507
3.545487311489	-12.184202688562479
3.5507790835957	-12.166044413671536
3.5560708557024	-12.1479401805932
3.5613626278091	-12.129889749867274
3.5666543999158002	-12.111892882033565
3.5719461720225	-12.093949334910738
3.5772379441292	-12.076058877202005
3.5825297162359	-12.058221272168312
3.5878214883426	-12.040436285791742
3.5931132604493	-12.022703684054372
3.5984050325559997	-12.005023238380558
3.6036968046627	-11.987394717473522
3.6089885767694003	-11.969817890036484
3.6142803488761	-11.952292535657213
3.6195721209828	-11.934818423038932
3.6248638930895	-11.917395331769413
3.6301556651962	-11.900023035994153
3.6354474373029	-11.882701312579782
3.6407392094096	-11.865429943835219
3.6460309815163	-11.84820871206937
3.6513227536230004	-11.831037394148874
3.6566145257297	-11.813915777824917
3.6619062978364	-11.796843645406414
3.6671980699430997	-11.779820781923414
3.6724898420498002	-11.762846977848243
3.6777816141565003	-11.745922018210953
3.6830733862632	-11.729045693483874
3.6883651583699	-11.712217794139331
3.6936569304766005	-11.695438110649652
3.6989487025833	-11.678706441650583
3.70424047469	-11.66202257489331
3.7095322467967	-11.645386309013578
3.7148240189034	-11.62879743992599
3.7201157910101004	-11.612255763545154
3.7254075631168	-11.59576108122795
3.7306993352235	-11.579313194331261
3.7359911073301997	-11.562911901490832
3.7412828794369	-11.546557004063544
3.7465746515436003	-11.530248308848554
3.7518664236503	-11.513985617202747
3.757158195757	-11.497768735925282
3.7624499678637005	-11.481597471815318
3.7677417399704	-11.465471631672013
3.7730335120771	-11.449391027736807
3.7783252841837998	-11.433355464087716
3.7836170562905003	-11.417364758408459
3.7889088283972003	-11.40141871749819
3.7942006005039	-11.38551715631949
3.7994923726106	-11.369659892556069
3.8047841447173	-11.353846733007085
3.810075916824	-11.33807750351967
3.8153676889307	-11.322352013614122
3.8206594610374	-11.30667008641643
3.8259512331441003	-11.291031536889172
3.8312430052508	-11.275436190879477
3.8365347773575	-11.259883863349916
3.8418265494642	-11.244374382868763
3.8471183215708997	-11.22890756711973
3.8524100936776002	-11.213483244671083
3.8577018657843003	-11.198101235927677
3.862993637891	-11.182761372178916
3.8682854099977	-11.167463476550793
3.8735771821044	-11.152207380332715
3.8788689542111	-11.13699290937181
3.8841607263178	-11.121819892236347
3.8894524984245	-11.10668816565801
3.8947442705312003	-11.091597558205068
3.9000360426379	-11.076547898445787
3.9053278147446	-11.06153902583299
3.9106195868513	-11.046570774377225
3.915911358958	-11.031642975367895
3.9212031310647	-11.016755468257827
3.9264949031714	-11.001908089778702
3.9317866752781	-10.987100676662202
3.9370784473848004	-10.972333068361154
3.9423702194915	-10.957605104328378
3.9476619915982	-10.942916624016696
3.9529537637049	-10.928267472321211
3.9582455358116	-10.913657488694742
3.9635373079183003	-10.89908651803239
3.968829080025	-10.884554402508119
3.9741208521317	-10.870060987017023
3.9794126242384	-10.855606119175345
3.9847043963451	-10.841189643878183
3.9899961684518	-10.826811408741776
3.9952879405585	-10.812471261382361
4.0005797126652	-10.798169049416178
4.0058714847719	-10.78390462590174
4.0111632568786	-10.76967783845529
4.0164550289853	-10.755488540135339
4.021746801092	-10.741336581279267
4.0270385731987	-10.727221814945588
4.0323303453054	-10.713144096913956
4.0376221174121	-10.69910328024289
4.0429138895187995	-10.685099217990897
4.0482056616255	-10.671131765937641
4.0534974337322005	-10.657200785305049
4.0587892058389	-10.643306129151636
4.0640809779456	-10.629447658699334
4.069372750052301	-10.615625229727797
4.074664522159	-10.601838703458958
4.0799562942657	-10.588087941114745
4.0852480663724	-10.574372801195954
4.0905398384791	-10.560693144924517
4.0958316105858	-10.547048838964638
4.1011233826925	-10.533439744538253
4.1064151547992	-10.519865722867289
4.1117069269058995	-10.506326643337099
4.1169986990126	-10.492822367169607
4.1222904711193005	-10.479352761029029
4.127582243226	-10.465917694300707
4.1328740153327	-10.452517030927714
4.1381657874394	-10.439150643016534
4.1434575595461	-10.425818394510237
4.1487493316528	-10.412520154794171
4.1540411037595	-10.399255798695961
4.1593328758662	-10.386025192879812
4.1646246479729	-10.372828209452214
4.1699164200796	-10.35966472324079
4.1752081921863	-10.346534603630886
4.180499964293	-10.33343772272899
4.1857917363997	-10.320373958083863
4.1910835085064	-10.307343184523129
4.1963752806131	-10.294345274153276
4.201667052719801	-10.281380101801926
4.2069588248265	-10.26844755046012
4.2122505969332	-10.255547489513207
4.2175423690399	-10.242679801952224
4.2228341411466	-10.2298443626048
4.2281259132533	-10.21704105446197
4.23341768536	-10.204269752351362
4.2387094574667	-10.191530339264013
4.2440012295734	-10.178822695469826
4.249293001680099	-10.166146701238704
4.2545847737867994	-10.153502242282824
4.2598765458935	-10.140889196150951
4.2651683180002005	-10.128307445834123
4.2704600901069005	-10.115756879765659
4.2757518622136	-10.103237378215459
4.2810436343203	-10.090748826895702
4.286335406427	-10.078291114239706
4.2916271785337	-10.065864120517372
4.2969189506404	-10.053467736883158
4.302210722747101	-10.041101846328102
4.3075024948538	-10.028766342727799
4.3127942669605	-10.016461106352152
4.3180860390672	-10.004186031076753
4.3233778111739	-9.99194100533492
4.3286695832806	-9.979725920281112
4.3339613553872995	-9.967540661627504
4.339253127494	-9.955385123249691
4.344544899600701	-9.94325919902327
4.349836671707401	-9.93116277466042
4.355128443814101	-9.919095749479007
4.3604202159208	-9.907058011912357
4.3657119880275	-9.895049455836057
4.3710037601342	-9.883069977846844
4.3762955322409	-9.871119469099174
4.3815873043476	-9.859197828910919
4.386879076454299	-9.84730494843653
4.392170848561	-9.835440724272747
4.3974626206677	-9.82360505573744
4.4027543927744	-9.81179783942734
4.4080461648811005	-9.800018969218044
4.4133379369878	-9.78826834714856
4.4186297090945	-9.776545869815621
4.4239214812012	-9.764851436537102
4.4292132533079	-9.753184949352011
4.434505025414601	-9.741546302135943
4.4397967975213	-9.729935402370185
4.445088569628	-9.718352143930332
4.4503803417347	-9.706796434297672
4.4556721138414	-9.695268172790078
4.4609638859481	-9.683767261446556
4.466255658054799	-9.67229360502726
4.4715474301614995	-9.66084710285006
4.4768392022682	-9.649427662396242
4.4821309743749005	-9.638035185704817
4.4874227464816006	-9.626669577535937
4.492714518588301	-9.615330745370885
4.498006290695	-9.604018591248675
4.5032980628017	-9.592733022650592
4.5085898349084	-9.581473947057926
4.5138816070151	-9.570241269230822
4.5191733791218	-9.559034896650573
4.5244651512285	-9.5478547395196
4.5297569233352	-9.536700702598058
4.5350486954419	-9.525572698809507
4.5403404675486	-9.514470632914094
4.5456322396553	-9.503394415114252
4.550924011762	-9.492343955612402
4.5562157838687	-9.481319164610973
4.5615075559754	-9.470319955033526
4.566799328082101	-9.45934623708249
4.572091100188801	-9.448397918239154
4.5773828722955	-9.43747491414822
4.5826746444022	-9.426577137733252
4.5879664165089	-9.415704499196677
4.5932581886156	-9.404856914183195
4.5985499607223	-9.394034295616375
4.603841732828999	-9.383236553698644
4.6091335049357	-9.37246360679584
4.6144252770424	-9.36171536783153
4.6197170491491	-9.350991755171556
4.6250088212558005	-9.340292679018345
4.6303005933625	-9.329618060458875
4.6355923654692	-9.318967809695573
4.6408841375759	-9.30834185053656
4.6461759096826	-9.297740093184261
4.6514676817893	-9.287162458725657
4.656759453896001	-9.276608865526589
4.6620512260027	-9.26607922923176
4.6673429981094	-9.255573470928152
4.6726347702161	-9.245091508981606
4.6779265423228	-9.234633259036826
4.6832183144295	-9.224198644901934
4.6885100865361995	-9.213787587663905
4.6938018586429	-9.203400002967443
4.6990936307496005	-9.193035811899534
4.704385402856301	-9.182694940989432
4.709677174963001	-9.17237730588184
4.7149689470697	-9.162082830384877
4.7202607191764	-9.151811438306664
4.7255524912831	-9.141563048013042
4.7308442633898	-9.131337586033268
4.7361360354965	-9.121134973454327
4.7414278076032	-9.110955136805469
4.7467195797099	-9.100797994452542
4.7520113518166	-9.09066347564594
4.7573031239233	-9.080551504193783
4.76259489603	-9.070462001183051
4.7678866681367	-9.060394895864142
4.7731784402434	-9.050350112045175
4.7784702123501	-9.040327576255404
4.7837619844568	-9.03032721502409
4.789053756563501	-9.020348952159353
4.7943455286702	-9.010392716911587
4.7996373007769	-9.000458435810053
4.8049290728836	-8.990546038105142
4.8102208449903	-8.98065544760498
4.815512617097	-8.970786596281094
4.820804389203699	-8.96093941066275
4.826096161310399	-8.9511138172792
4.8313879334171	-8.94130975082312
4.8366797055238	-8.931527135102629
4.8419714776305005	-8.9217659048104
4.847263249737201	-8.912025983754553
4.8525550218439	-8.902307309348899
4.8578467939506	-8.892609805401557
4.8631385660573	-8.882933406605204
4.868430338164	-8.873278044931372
4.873722110270701	-8.863643649630456
4.8790138823774	-8.854030152673992
4.8843056544841	-8.844437488754657
4.8895974265908	-8.834865587122843
4.8948891986975	-8.82531437975009
4.9001809708042	-8.815783804050204
4.9054727429108995	-8.806273789273584
4.9107645150176	-8.796784270112905
4.9160562871243	-8.787315178539702
4.921348059231001	-8.777866454688924
4.926639831337701	-8.768438025089829
4.9319316034444	-8.759029829877369
4.9372233755511	-8.749641803744215
4.9425151476578	-8.740273878661904
4.9478069197645	-8.730925992044249
4.9530986918712	-8.721598078583924
4.958390463977899	-8.712290075694737
4.9636822360846	-8.703001920790506
4.9689740081913	-8.693733548563898
4.974265780298	-8.684484896428732
4.9795575524047	-8.675255899077676
4.9848493245114	-8.666046499366823
4.9901410966181	-8.656856629267708
4.9954328687248	-8.647686231636415
5.0007246408315	-8.638535241165624
5.006016412938201	-8.629403595269146
5.011308185044901	-8.620291236803068
5.0165999571516	-8.611198103181204
5.0218917292583	-8.602124131817366
5.027183501365	-8.59306926556764
5.0324752734717	-8.584033439124706
5.0377670455784	-8.575016598065789
5.0430588176850994	-8.566018679804698
5.0483505897917995	-8.557039624476388
5.0536423618985005	-8.548079374936947
5.0589341340052005	-8.539137868600186
5.064225906111901	-8.530215048322196
5.0695176782186	-8.521310856959067
5.0748094503253	-8.512425237366886
5.080101222432	-8.503558126959467
5.0853929945387	-8.494709471314039
5.0906847666454	-8.485879213286687
5.0959765387521	-8.477067293012365
5.1012683108588	-8.468273653347165
5.1065600829655	-8.45949823986831
5.1118518550722	-8.45074099543189
5.1171436271789	-8.442001862893997
5.1224353992855995	-8.433280787831857
5.1277271713923	-8.424577710380424
5.133018943499	-8.41589257883806
5.138310715605701	-8.407225336060856
5.143602487712401	-8.398575927626041
5.1488942598191	-8.389944299110844
5.1541860319258	-8.381330393371353
5.1594778040325	-8.372734155984794
5.1647695761392	-8.364155535249536
5.1700613482459	-8.355594474021668
5.175353120352599	-8.347050923320696
5.180644892459299	-8.338524823281569
5.185936664566	-8.330016124923793
5.1912284366727	-8.321524773824596
5.1965202087794005	-8.313050715561205
5.2018119808861005	-8.304593898431989
5.2071037529928	-8.296154270735313
5.2123955250995	-8.287731778048403
5.2176872972062	-8.27932637139077
5.2229790693129	-8.270937996339635
5.228270841419601	-8.26256660119337
5.2335626135263	-8.254212134250338
5.238854385633	-8.245874546530047
5.2441461577397	-8.237553786330862
5.2494379298464	-8.229249799230011
5.2547297019531	-8.220962538968138
5.2600214740597995	-8.21269195384361
5.2653132461664995	-8.204437992154793
5.2706050182732005	-8.196200604921193
5.275896790379901	-8.187979740441175
5.281188562486601	-8.179775352455385
5.2864803345933	-8.171587389262188
5.2917721067	-8.163415801881088
5.2970638788067	-8.155260541331593
5.3023556509134	-8.147121558633208
5.3076474230201	-8.138998804805436
5.312939195126799	-8.130892233588922
5.3182309672335	-8.122801793282033
5.3235227393402	-8.114727437625412
5.3288145114469	-8.106669117638564
5.3341062835536	-8.098626787062134
5.3393980556603005	-8.090600399636763
5.344689827767	-8.082589903660821
5.3499815998737	-8.074595252874952
5.3552733719804	-8.066616403740936
5.360565144087101	-8.058653309999416
5.365856916193801	-8.050705919948761
5.3711486883005	-8.042774190050753
5.3764404604072	-8.034858074046037
5.3817322325139	-8.026957522954115
5.3870240046206	-8.019072495957909
5.3923157767273	-8.011202946798065
5.397607548833999	-8.003348826494085
5.4028993209407	-7.995510088786615
5.4081910930474	-7.987686695579715
5.4134828651541005	-7.979878595171748
5.4187746372608006	-7.9720857440245005
5.4240664093675	-7.964308098599754
5.4293581814742	-7.956545615359289
5.4346499535809	-7.948798248043751
5.4399417256876	-7.941065955836059
5.4452334977943	-7.933348689755722
5.450525269901	-7.925646408985657
5.4558170420077	-7.917959069987648
5.4611088141144	-7.910286629223479
5.4664005862211	-7.902629043154929
5.4716923583278	-7.894986268243783
5.4769841304344995	-7.8873582636729616
5.4822759025412	-7.879744983183109
5.4875676746479	-7.872146385957143
5.492859446754601	-7.86456242845685
5.498151218861301	-7.856993072586288
5.503442990968001	-7.8494382720861005
5.5087347630747	-7.841897983418069
5.5140265351814	-7.834372171207395
5.5193183072881	-7.8268607891947175
5.5246100793948	-7.8193637938418235
5.5299018515015	-7.8118811497739085
5.5351936236082	-7.804412813452756
5.5404853957149	-7.796958741340148
5.5457771678216	-7.7895188953401435
5.5510689399283	-7.782093234635665
5.5563607120350005	-7.7746817156884935
5.5616524841417	-7.7672843031238274
5.5669442562484	-7.7599009534034495
5.5722360283551	-7.752531625710281
5.5775278004618	-7.745176281948379
5.582819572568501	-7.737834884021807
5.5881113446752	-7.730507388392347
5.5934031167819	-7.723193756964055
5.5986948888886	-7.715893951640995
5.6039866609953	-7.708607934327222
5.609278433102	-7.701335661484522
5.614570205208699	-7.694077097738091
5.6198619773153995	-7.68683220499199
5.6251537494221004	-7.67960094242914
5.6304455215288005	-7.6723832719536
5.635737293635501	-7.665179155469429
5.6410290657422	-7.6579885576018265
5.6463208378489	-7.650811434812575
5.6516126099556	-7.6436477544480095
5.6569043820623	-7.636497475691052
5.662196154169	-7.629360563166901
5.667487926275701	-7.6222369760584785
5.6727796983824	-7.615126681712119
5.6780714704891	-7.608029639310744
5.6833632425958	-7.600945810758415
5.6886550147025	-7.593875163401466
5.6939467868092	-7.586817659143958
5.6992385589159	-7.5797732598899525
5.7045303310226	-7.572741930264645
5.7098221031293	-7.565723634893234
5.715113875236001	-7.55871833567978
5.720405647342701	-7.551725997249481
5.7256974194494	-7.544746581506395
5.7309891915561	-7.537780055796861
5.7362809636628	-7.530826384746076
5.7415727357695	-7.52388553297924
5.7468645078762	-7.516957459679271
5.752156279982899	-7.510042134913646
5.7574480520896	-7.5031395233075635
5.7627398241963	-7.496249589486222
5.768031596303	-7.4893722953536805
5.7733233684097005	-7.482507608256276
5.7786151405164	-7.475655495540344
5.7839069126231	-7.468815921831083
5.7891986847298	-7.461988849032553
5.7944904568365	-7.4551742472122315
5.799782228943201	-7.448372080995314
5.8050740010499	-7.441582317728138
5.8103657731566	-7.434804919314763
5.8156575452633	-7.428039855822665
5.82094931737	-7.421287091877043
5.8262410894767	-7.414546594824231
5.8315328615833995	-7.407818332010568
5.8368246336900995	-7.401102268061252
5.8421164057968	-7.394398370322619
5.8474081779035005	-7.387706608862144
5.852699950010201	-7.381026945583889
5.857991722116901	-7.374359350555326
5.8632834942236	-7.367703791122795
5.8685752663303	-7.36106023735377
5.873867038437	-7.35442865115231
5.8791588105437	-7.347809002585892
5.8844505826504	-7.341201261721989
5.8897423547571	-7.3346053931858
5.8950341268638	-7.328021367044803
5.9003258989705	-7.32144915064533
5.9056176710772	-7.314888711333723
5.9109094431839	-7.308340019177454
5.9162012152906	-7.30180304152286
5.9214929873973	-7.295277748437419
5.926784759504	-7.288764109988604
5.932076531610701	-7.282262088080472
5.937368303717401	-7.275771658222782
5.9426600758241	-7.269292787761867
5.9479518479308	-7.262825446765202
5.9532436200375	-7.256369602579125
5.9585353921442	-7.2499252225499715
5.9638271642509	-7.243492282187497
5.969118936357599	-7.237070746116896
5.9744107084642994	-7.230660587126786
5.979702480571	-7.2242617725635
5.9849942526777005	-7.217874272494517
5.9902860247844005	-7.211498056987311
5.9955777968911	-7.205133098830495
6.0008695689978	-7.198779368091543
6.0061613411045	-7.192436829395658
6.0114531132112	-7.186105458252591
6.0167448853179	-7.179785224729814
6.022036657424601	-7.173476098894804
6.0273284295313	-7.167178053536179
6.032620201638	-7.160891053279132
6.0379119737447	-7.154615076354557
6.0432037458514	-7.1483500901087895
6.0484955179581	-7.142096064609304
6.0537872900647995	-7.1358529726447175
6.0590790621715	-7.129620787003642
6.064370834278201	-7.123399477753553
6.069662606384901	-7.1171890176830646
6.074954378491601	-7.110989374138514
6.0802461505983	-7.1048005226296524
6.085537922705	-7.098622435945096
6.0908296948117	-7.092455084152319
6.0961214669184	-7.086298440039936
6.1014132390251	-7.080152473675421
6.106705011131799	-7.074017160568527
6.1119967832385	-7.067892468065592
6.1172885553452	-7.061778374397506
6.1225803274519	-7.055674849631746
6.1278720995586005	-7.049581866556924
6.1331638716653	-7.043499397961655
6.138455643772	-7.037427416634553
6.1437474158787	-7.031365892643092
6.1490391879854	-7.025314804218165
6.154330960092101	-7.019274121427247
6.1596227321988	-7.013243817058952
6.1649145043055	-7.007223863901894
6.1702062764122	-7.001214237465826
6.1754980485189	-6.995214910539359
6.1807898206256	-6.989225858632249
6.186081592732299	-6.983247049090833
6.1913733648389995	-6.977278462867138
6.1966651369457	-6.971320070028641
6.2019569090524005	-6.965371843363958
6.207248681159101	-6.959433761103976
6.212540453265801	-6.9535057933161735
6.2178322253725	-6.947587915510303
6.2231239974792	-6.941680103196114
6.2284157695859	-6.935782329162224
6.2337075416926	-6.9298945689183835
6.2389993137993	-6.924016795253208
6.244291085906	-6.91814898367645
6.2495828580127	-6.91229110969786
6.2548746301194	-6.906443148827193
6.2601664022261	-6.900605073853063
6.2654581743328	-6.894776860285219
6.2707499464395	-6.888958483633419
6.2760417185462	-6.883149916686272
6.2813334906529	-6.8773511376746725
6.286625262759601	-6.871562122108373
6.291917034866301	-6.865782845497125
6.297208806973	-6.860013277908403
6.3025005790797	-6.8542534030153766
6.3077923511864	-6.848503188164383
6.3130841232931	-6.84276261702859
6.3183758953998	-6.837031659675471
6.323667667506499	-6.831310294335922
6.3289594396132	-6.8255984965196905
6.3342512117199	-6.819896241736532
6.3395429838266	-6.8142035082173384
6.3448347559333005	-6.808520268750721
6.3501265280400006	-6.802846501567574
6.3554183001467	-6.7971821821776475
6.3607100722534	-6.791527288811833
6.3660018443601	-6.785881796979884
6.3712936164668	-6.780245682191554
6.376585388573501	-6.774618922677731
6.3818771606802	-6.76900149394817
6.3871689327869	-6.763393374233763
6.3924607048936	-6.75779453904426
6.3977524770003	-6.752204963889415
6.403044249107	-6.746624629721258
6.4083360212136995	-6.741053512049541
6.4136277933204	-6.735491586384018
6.4189195654271005	-6.729938830955579
6.424211337533801	-6.724395223995114
6.429503109640501	-6.718860741012379
6.4347948817472	-6.7133353629594
6.4400866538539	-6.707819065345931
6.4453784259606	-6.702311823681726
6.4506701980673	-6.696813618918813
6.455961970174	-6.691324426566946
6.4612537422807	-6.685844227578153
6.4665455143874	-6.680372997462189
6.4718372864941	-6.6749107117288045
6.4771290586008	-6.669457354051168
6.4824208307075	-6.664012899939033
6.4877126028142	-6.6585773249021525
6.4930043749209	-6.653150612613694
6.4982961470276	-6.647732738583411
6.5035879191343	-6.642323678321055
6.508879691241001	-6.636923415499794
6.514171463347701	-6.631531925629382
6.5194632354544	-6.626149189661849
6.5247550075611	-6.620775183106946
6.5300467796678	-6.615409886916703
6.5353385517745	-6.610053282043152
6.5406303238812	-6.6047053412749035
6.545922095987899	-6.5993660482851295
6.5512138680946	-6.594035381304718
6.5565056402013004	-6.5887133185645625
6.5617974123080005	-6.583399841016693
6.567089184414701	-6.578094924170859
6.5723809565214	-6.572798551700232
6.5776727286281	-6.567510701835703
6.5829645007348	-6.562231352808161
6.5882562728415	-6.556960482848499
6.593548044948201	-6.551698075629885
6.5988398170549	-6.546444106662071
6.6041315891616	-6.541198559618227
6.6094233612683	-6.535961410008103
6.614715133375	-6.530732641504871
6.6200069054817	-6.52551223233942
6.6252986775883995	-6.520300160742639
6.6305904496951	-6.5150964103877005
6.6358822218018	-6.509900959505494
6.641173993908501	-6.504713786326909
6.646465766015201	-6.499534874525118
6.6517575381219	-6.494364202331007
6.6570493102286	-6.48920175069661
6.6623410823353	-6.484047500573956
6.667632854442	-6.478901430193934
6.6729246265487	-6.473763523229715
6.678216398655399	-6.468633757912189
6.6835081707621	-6.463512115193384
6.6887999428688	-6.458398578746472
6.6940917149755	-6.4532931240812035
6.6993834870822	-6.4481957348707475
6.7046752591889005	-6.443106394788272
6.7099670312956	-6.4380250793435305
6.7152588034023	-6.432951774930827
6.720550575509	-6.427886457059919
6.725842347615701	-6.422829112125109
6.731134119722401	-6.41777971835729
6.7364258918291	-6.412738256708494
6.7417176639358	-6.407704710851886
6.7470094360425	-6.402679059018357
6.7523012081492	-6.397661287602216
6.7575929802559	-6.3926513721132165
6.7628847523625994	-6.387649296224525
6.7681765244692995	-6.382655043609309
6.7734682965760005	-6.377668595219601
6.7787600686827005	-6.372689932007429
6.784051840789401	-6.367719034924822
6.7893436128961	-6.362755884923812
6.7946353850028	-6.357800468398705
6.7999271571095	-6.352852763580392
6.8052189292162	-6.347912754142042
6.8105107013229	-6.3429804210356835
6.8158024734296	-6.338055747934487
6.8210942455363	-6.333138713069342
6.826386017643	-6.328229302834556
6.8316777897497	-6.323327498182158
6.8369695618564	-6.318433282785318
6.8422613339630995	-6.313546637596064
6.8475531060698	-6.308667543566427
6.8528448781765	-6.303795987090714
6.858136650283201	-6.298931946399817
6.863428422389901	-6.294075405166901
6.868720194496601	-6.2892263497862775
6.8740119666033	-6.284384758488835
6.87930373871	-6.27955061766888
6.8845955108167	-6.274723905557305
6.8898872829234	-6.269904608548417
6.8951790550301	-6.265092710315384
6.900470827136799	-6.260288191810237
6.9057625992435	-6.255491036706142
6.9110543713502	-6.2507012259551304
6.9163461434569005	-6.245918745951509
6.9216379155636005	-6.241143580368446
6.9269296876703	-6.236375707436833
6.932221459777	-6.231615116272115
6.9375132318837	-6.226861785105184
6.9428050039904	-6.222115703051484
6.948096776097101	-6.2173768483419085
6.9533885482038	-6.212645207370762
6.9586803203105	-6.207920761090076
6.9639720924172	-6.203203495894158
6.9692638645239	-6.198493395456174
6.9745556366306	-6.193790440728156
6.9798474087372995	-6.18909461810441
6.9851391808439995	-6.184405911258105
6.9904309529507005	-6.17972430114127
6.995722725057401	-6.1750497741482135
7.001014497164101	-6.170382313952102
7.0063062692708	-6.165721904226104
7.0115980413775	-6.16106852864339
7.0168898134842	-6.156422173598265
7.0221815855909	-6.151782820042759
7.0274733576976	-6.147150454371179
7.032765129804299	-6.142525057535557
7.038056901911	-6.137906618651335
7.0433486740177	-6.133295118670546
7.0486404461244	-6.128690541266356
7.0539322182311	-6.1240928755542114
7.0592239903378005	-6.119502099765005
7.0645157624445	-6.11491820301418
7.0698075345512	-6.110341168974905
7.0750993066579	-6.105770981320351
7.080391078764601	-6.101207623723684
7.085682850871301	-6.0966510853003495
7.090974622978	-6.0921013442812395
7.0962663950847	-6.087558389781799
7.1015581671914	-6.083022208196336
7.1068499392981	-6.078492777755742
7.1121417114048	-6.0739700902966
7.117433483511499	-6.06945412677094
7.1227252556182	-6.064944876294207
7.1280170277249	-6.060442317097293
7.1333087998316005	-6.055946441016783
7.1386005719383006	-6.051457229004706
7.143892344045	-6.046974667455369
7.1491841161517	-6.042498742763078
7.1544758882584	-6.0380294386010025
7.1597676603651	-6.033566741363449
7.1650594324718	-6.029110637444726
7.1703512045785	-6.024661107796861
7.1756429766852	-6.02021814425644
7.1809347487919	-6.015781725054353
7.1862265208986	-6.011351842027186
7.1915182930053	-6.0069284788481045
7.1968100651119995	-6.002511619190279
7.2021018372187	-5.998101249448016
7.2073936093254	-5.993697358736761
7.212685381432101	-5.989299928008545
7.217977153538801	-5.984908946378812
7.223268925645501	-5.98052439752073
7.2285606977522	-5.976146267828606
7.2338524698589	-5.97177454369675
7.2391442419656	-5.967409211519466
7.2444360140723	-5.963050257691062
7.249727786179	-5.958697665884706
7.2550195582857	-5.954351422494707
7.2603113303924	-5.950011516636507
7.2656031024991	-5.945677931983276
7.2708948746058	-5.94135065765046
7.2761866467125005	-5.9370296745900895
7.2814784188192	-5.932714971917609
7.2867701909259	-5.9284065360273255
7.2920619630326	-5.924104356034685
7.2973537351393	-5.919808412891717
7.302645507246001	-5.9155186957138675
7.3079372793527	-5.911235193616582
7.3132290514594	-5.906957887551889
7.3185208235661	-5.902686769356375
7.3238125956728	-5.898421822703207
7.3291043677795	-5.8941630339866915
7.334396139886199	-5.8899103923222755
7.3396879119928995	-5.885663881383127
7.3449796840996004	-5.881423487563552
7.3502714562063005	-5.877189202700135
7.355563228313001	-5.872961007744907
7.3608550004197	-5.868738894534451
7.3661467725264	-5.864522846741937
7.3714385446331	-5.8603128507616695
7.3767303167398	-5.856108895709096
7.3820220888465	-5.851910967978522
7.387313860953201	-5.847719056685396
7.3926056330599	-5.8435331427817445
7.3978974051666	-5.839353220825291
7.4031891772733	-5.835179271768066
7.40848094938	-5.831011287446655
7.4137727214867	-5.826849251534224
7.4190644935934	-5.822693153146219
7.4243562657001	-5.818542981398087
7.4296480378068	-5.814398719962995
7.434939809913501	-5.810260357956389
7.440231582020201	-5.806127881772577
7.4455233541269	-5.802001280527003
7.4508151262336	-5.797880540613975
7.4561068983403	-5.793765651148939
7.461398670447	-5.789656595805062
7.4666904425537	-5.785553366418929
7.471982214660399	-5.7814559493848465
7.4772739867671	-5.777364333818261
7.4825657588738	-5.7732785033923415
7.4878575309805	-5.76919844722253
7.4931493030872005	-5.765124154424277
7.4984410751939	-5.761055611391887
7.5037328473006	-5.756992807240804
7.5090246194073	-5.752935731086477
7.514316391514	-5.748884366602072
7.519608163620701	-5.744838705624174
7.524899935727401	-5.74079873454709
7.5301917078341	-5.736764442486265
7.5354834799408	-5.732735815836007
7.5407752520475	-5.728712843711761
7.5460670241542	-5.724695512507834
7.5513587962609	-5.720683814060811
7.5566505683675995	-5.716677732043858
7.5619423404743	-5.712677258293563
7.5672341125810005	-5.708682379204229
7.572525884687701	-5.704693083891304
7.577817656794401	-5.700709358749095
7.5831094289011	-5.696731195614186
7.5884012010078	-5.692758578159745
7.5936929731145	-5.688791498222355
7.5989847452212	-5.684829944917465
7.6042765173279	-5.680873904639378
7.6095682894346	-5.676923366503543
7.6148600615413	-5.672978319625402
7.620151833648	-5.669038750399266
7.6254436057547	-5.665104650661716
7.6307353778614	-5.661176006807061
7.6360271499681	-5.657252807950745
7.6413189220748	-5.653335043208215
7.6466106941815	-5.649422698973778
7.651902466288201	-5.645515769805155
7.657194238394901	-5.6416142366543784
7.6624860105016	-5.637718094079169
7.6677777826083	-5.633827331194973
7.673069554715	-5.629941931674958
7.6783613268217	-5.6260618900768495
7.6836530989284	-5.622187190073813
7.688944871035099	-5.618317826223572
7.6942366431417994	-5.614453784920435
7.6995284152485	-5.610595052558706
7.7048201873552005	-5.606741620974972
7.7101119594619005	-5.602893482005817
7.715403731568601	-5.599050619324408
7.7206955036753	-5.59521302476733
7.725987275782	-5.591380687450027
7.7312790478887	-5.58755359376681
7.7365708199954	-5.583731738275397
7.741862592102101	-5.579915107370097
7.7471543642088	-5.576103690166358
7.7524461363155	-5.572297475779621
7.7577379084222	-5.568496453325335
7.7630296805289	-5.564700614640084
7.7683214526356	-5.560909946118174
7.7736132247422995	-5.557124439596189
7.778904996849	-5.553344084189574
7.784196768955701	-5.549568866292638
7.789488541062401	-5.545798777741965
7.794780313169101	-5.542033810374137
7.8000720852758	-5.538273950583462
7.8053638573825	-5.534519187485388
7.8106556294892	-5.530769512916495
7.8159474015959	-5.527024915992232
7.8212391737026	-5.523285385828044
7.826530945809299	-5.519550914260513
7.831822717916	-5.515821487683947
7.8371144900227	-5.512097097934933
7.8424062621294	-5.5083777341289135
7.8476980342361005	-5.504663385381335
7.8529898063428	-5.500954043528782
7.8582815784495	-5.497249697686699
7.8635733505562	-5.493550336970532
7.8688651226629	-5.489855953216866
7.874156894769601	-5.4861665328200075
7.879448666876301	-5.48248207033768
7.884740438983	-5.478802552164189
7.8900322110897	-5.4751279701361195
7.8953239831964	-5.471458313368918
7.9006157553031	-5.467793570978028
7.9059075274098	-5.464133737521175
7.9111992995164995	-5.460478796671525
7.9164910716232	-5.4568287457079405
7.9217828437299005	-5.45318356830359
7.927074615836601	-5.449543259016195
7.932366387943301	-5.445907806961204
7.93765816005	-5.4422772012540594
7.9429499321567	-5.438651433731346
7.9482417042634	-5.435030493508512
7.9535334763701	-5.431414372422139
7.9588252484768	-5.4278030595876725
7.9641170205835	-5.4241965468416975
7.9694087926902	-5.420594823299661
7.9747005647969	-5.416997878077006
7.9799923369036	-5.413405703010318
7.9852841090103	-5.40981829265732
7.990575881117	-5.406235630691181
7.9958676532237	-5.402657711669621
8.0011594253304	-5.399084524708089
8.0064511974371	-5.395516061643167
8.0117429695438	-5.39195231431144
8.0170347416505	-5.3883932691072145
8.0223265137572	-5.384838920588215
8.0276182858639	-5.3812892551487455
8.0329100579706	-5.377744270067669
8.0382018300773	-5.374203951739294
8.043493602184	-5.370668292000203
8.0487853742907	-5.367137279965841
8.0540771463974	-5.363610907472794
8.0593689185041	-5.360089166357644
8.0646606906108	-5.356572048456978
8.0699524627175	-5.35305954288624
8.0752442348242	-5.349551638760875
8.0805360069309	-5.346048330638607
8.085827779037599	-5.34254960763488
8.091119551144299	-5.3390554615862795
8.096411323251	-5.33556588432939
8.101703095357701	-5.332080862258518
8.106994867464401	-5.3286003926525245
8.1122866395711	-5.325124461905717
8.1175784116778	-5.321653064575818
8.1228701837845	-5.318186189778274
8.1281619558912	-5.314723829349667
8.1334537279979	-5.311265975126584
8.138745500104601	-5.307812616224468
8.1440372722113	-5.304363744479905
8.149329044318	-5.300919351729479
8.1546208164247	-5.297479429809774
8.1599125885314	-5.2940439705573725
8.1652043606381	-5.290612963087724
8.1704961327448	-5.287186399237409
8.1757879048515	-5.283764273564151
8.1810796769582	-5.280346572462259
8.1863714490649	-5.276933290489453
8.1916632211716	-5.273524419482319
8.1969549932783	-5.270119948556302
8.202246765385	-5.266719872269126
8.2075385374917	-5.263324179736236
8.2128303095984	-5.259932862794214
8.2181220817051	-5.2565459132796475
8.223413853811799	-5.253163323029118
8.2287056259185	-5.249785081158073
8.2339973980252	-5.246411184945373
8.2392891701319	-5.243041620785326
8.244580942238601	-5.239676380514514
8.2498727143453	-5.236315458690663
8.255164486452	-5.232958847150353
8.2604562585587	-5.229606535009034
8.2657480306654	-5.226258516824426
8.271039802772101	-5.222914781711975
8.2763315748788	-5.219575321508267
8.2816233469855	-5.216240128049884
8.2869151190922	-5.212909195894549
8.2922068911989	-5.209582516878847
8.2974986633056	-5.2062600773970855
8.3027904354123	-5.202941874728125
8.308082207519	-5.199627897987411
8.3133739796257	-5.196318141732666
8.3186657517324	-5.193012597800475
8.3239575238391	-5.189711252585146
8.3292492959458	-5.186414106086676
8.3345410680525	-5.183121144699375
8.3398328401592	-5.179832360259826
8.3451246122659	-5.17654775004689
8.3504163843726	-5.1732673004548735
8.3557081564793	-5.16999100876264
8.360999928586	-5.166718861364495
8.3662917006927	-5.1634508555393
8.3715834727994	-5.160186980402501
8.3768752449061	-5.156927227790681
8.3821670170128	-5.153671592261564
8.3874587891195	-5.150420062930596
8.3927505612262	-5.147172637076638
8.3980423333329	-5.143929301093996
8.403334105439601	-5.140690052261532
8.408625877546301	-5.137454879694692
8.413917649653	-5.13422377523006
8.4192094217597	-5.130996733425359
8.4245011938664	-5.127773746117173
8.4297929659731	-5.124554802420947
8.4350847380798	-5.121339899615543
8.4403765101865	-5.118129029537546
8.4456682822932	-5.1149221813024
8.4509600543999	-5.111719349467829
8.4562518265066	-5.108520525870415
8.4615435986133	-5.105325705067885
8.46683537072	-5.102134876175681