0.	44.15337622419117
0.0052917721067000005	44.14554757646563
0.010583544213400001	44.12206054483357
0.0158753163201	44.08293069965007
0.021167088426800002	44.028180980113525
0.026458860533500002	43.95784341402527
0.0317506326402	43.871959125952976
0.0370424047469	43.770578304576986
0.042334176853600004	43.653760164594395
0.0476259489603	43.52157287596942
0.052917721067000004	43.374093514952925
0.0582094931737	43.21140799333281
0.0635012652804	43.03361097407873
0.0687930373871	42.840805792429016
0.0740848094938	42.63310436337205
0.0793765816005	42.410627075521795
0.08466835370720001	42.173502690435704
0.0899601258139	41.92186821744231
0.0952518979206	41.655868799353435
0.1005436700273	41.37565758184952
0.10583544213400001	41.08139557470156
0.1111272142407	40.773251504829645
0.1164189863474	40.45140168024596
0.12171075845410001	40.116029813180866
0.1270025305608	39.76732688130477
0.1322943026675	39.405490934527286
0.1375860747742	39.03072694261353
0.14287784688090002	38.64324660742548
0.1481696189876	38.24326817244232
0.1534613910943	37.8310162431653
0.158753163201	37.40672157759001
0.1640449353077	36.9706209066113
0.16933670741440002	36.522956710889865
0.1746284795211	36.063977024930296
0.1799202516278	35.59393522211112
0.1852120237345	35.113089780666854
0.1905037958412	34.62170411225633
0.1957955679479	34.12004628712765
0.2010873400546	33.60838882731165
0.2063791121613	33.08700848893087
0.21167088426800001	32.556186014575864
0.2169626563747	32.01620592105643
0.2222544284814	31.4673562436146
0.2275462005881	30.909928310070075
0.2328379726948	30.34421650408123
0.2381297448015	29.770518022963767
0.24342151690820002	29.18913263823046
0.2487132890149	28.600362456131048
0.2540050611216	28.00451167819196
0.2592968332283	27.40188636175617
0.264588605335	26.792794172359546
0.2698803774417	26.177544149712975
0.2751721495484	25.55644644919415
0.28046392165510003	24.929812189463842
0.28575569376180004	24.29795306334305
0.29104746586850005	23.661181234409767
0.2963392379752	23.019808999577766
0.30163101008189996	22.374148718347016
0.3069227821886	21.724512382863775
0.3122145542953	21.07121152268073
0.317506326402	20.41455693264316
0.3227980985087	19.754858457918953
0.3280898706154	19.09242478174983
0.3333816427221	18.427563202317966
0.33867341482880003	17.7605794232183
0.34396518693550004	17.091777349373174
0.3492569590422	16.42145885029324
0.3545487311489	15.749923624020566
0.3598405032556	15.077468941341566
0.3651322753623	14.404389463470757
0.370424047469	13.730977076061269
0.3757158195757	13.057520848387787
0.3810075916824	12.384306233331792
0.3862993637891	11.711615821136961
0.3915911358958	11.039728555721245
0.39688290800250003	10.368919756445976
0.4021746801092	9.699460837838595
0.4074664522159	9.031619334082906
0.4127582243226	8.36565863506861
0.4180499964293	7.701837872103515
0.42334176853600003	7.0404005000159335
0.42863354064270004	6.381619299344891
0.4339253127494	5.725728551960483
0.4392170848561	5.07296905141748
0.4445088569628	4.423576714990278
0.44980062906949997	3.7777824639428053
0.4550924011762	3.1358121364520812
0.4603841732829	2.497897690535839
0.4656759453896	1.8642317202208154
0.4709677174963	1.2350358704094473
0.476259489603	0.6105145530334135
0.48155126170970003	-0.009133150686125144
0.48684303381640004	-0.623713748746694
0.49213480592310005	-1.2330393710181673
0.4974265780298	-1.8369278399923712
0.5027183501365	-2.435202708879026
0.5080101222432	-3.027693305143961
0.5133018943499	-3.6142347686050575
0.5185936664566	-4.194668089528188
0.5238854385633	-4.7688401113483545
0.52917721067	-5.336603571486769
0.5344689827767	-5.897817101350851
0.5397607548834	-6.452345248103339
0.5450525269901	-7.000058493710258
0.5503442990968	-7.540833186912457
0.5556360712035	-8.074551475197145
0.5609278433102001	-8.60110166398818
0.5662196154169	-9.120377656091524
0.5715113875236001	-9.632279408846525
0.5768031596303	-10.136712493301461
0.5820949317370001	-10.633588464288403
0.5873867038437001	-11.122824490348343
0.5926784759504	-11.604343508836111
0.5979702480571	-12.078074098026857
0.6032620201637999	-12.54395047983719
0.6085537922705	-13.001912408258487
0.6138455643772	-13.451905147587803
0.6191373364839	-13.893879415283939
0.6244291085906	-14.32779127040077
0.6297208806973	-14.753602091818141
0.635012652804	-15.171278564636163
0.6403044249106999	-15.580792389013387
0.6455961970174	-15.98212057677092
0.6508879691241	-16.375244996962262
0.6561797412308	-16.76015232417169
0.6614715133375	-17.136834267089878
0.6667632854442	-17.505287201160222
0.6720550575509	-17.86551217674221
0.6773468296576001	-18.21751479121796
0.6826386017643	-18.561305115521417
0.6879303738710001	-18.896897607061973
0.6932221459777	-19.22431092740815
0.6985139180844	-19.543568015758353
0.7038056901911001	-19.85469580866359
0.7090974622978	-20.15772523458519
0.7143892344045001	-20.452691086001305
0.7196810065112	-20.739631905119076
0.7249727786179001	-21.018589932172997
0.7302645507246	-21.289610838753344
0.7355563228313	-21.55274384481512
0.740848094938	-21.80804147105446
0.7461398670446999	-22.055559454553322
0.7514316391514	-22.295356650818494
0.7567234112580999	-22.527494911330372
0.7620151833648	-22.752038993745373
0.7673069554715	-22.969056439444703
0.7725987275782	-23.178617467409953
0.7778904996849	-23.380794868098683
0.7831822717916	-23.57566389732004
0.7884740438983	-23.76330215650463
0.7937658160050001	-23.943789500185837
0.7990575881117	-24.11720794620221
0.8043493602184	-24.283641517871466
0.8096411323251	-24.443176184125416
0.8149329044318	-24.59589975338556
0.8202246765385001	-24.741901726621613
0.8255164486452	-24.881273264697835
0.8308082207519001	-25.014107035989266
0.8360999928586	-25.14049714018986
0.8413917649653001	-25.26053899402465
0.8466835370720001	-25.374329265942414
0.8519753091787	-25.48196573733763
0.8572670812854001	-25.583547242685416
0.8625588533920999	-25.679173568859394
0.8678506254988	-25.768945362612982
0.8731423976054999	-25.852964024455
0.8784341697122	-25.931331651505737
0.8837259418189	-26.004150939535986
0.8890177139256	-26.071525095890586
0.8943094860323	-26.133558103438887
0.8996012581389999	-26.190353251159888
0.9048930302457	-26.242015164111645
0.9101848023524	-26.288647953057026
0.9154765744591	-26.330356885242786
0.9207683465658	-26.36724622925783
0.9260601186725	-26.399420599275658
0.9313518907792	-26.42698450334536
0.9366436628859001	-26.45004229169
0.9419354349926	-26.468698085956987
0.9472272070993001	-26.48305572479533
0.952518979206	-26.49321869038486
0.9578107513127	-26.499290059455777
0.9631025234194001	-26.501372437981296
0.9683942955261	-26.499567895870317
0.9736860676328001	-26.49397793975607
0.9789778397395	-26.484703439525333
0.9842696118462001	-26.471844582059113
0.9895613839529	-26.455500827694394
0.9948531560596	-26.43577085308025
1.0001449281663	-26.41275252124532
1.005436700273	-26.38654282717502
1.0107284723796999	-26.35723785427334
1.0160202444864	-26.324932744430306
1.0213120165931	-26.28972165992606
1.0266037886998	-26.251697739892624
1.0318955608065	-26.210953059496827
1.0371873329132	-26.167578635382586
1.0424791050199	-26.121664330431038
1.0477708771266	-26.073298886414236
1.0530626492333	-26.02256986140893
1.05835442134	-25.969563610748608
1.0636461934466999	-25.914365278860085
1.0689379655534	-25.857058717629343
1.0742297376601	-25.79772656803568
1.0795215097668	-25.7364501458639
1.0848132818735	-25.67330946619455
1.0901050539802	-25.60838321619255
1.0953968260869	-25.541748727895786
1.1006885981936	-25.47348201631107
1.1059803703003	-25.403657686895418
1.111272142407	-25.33234897637312
1.1165639145136999	-25.259627733687793
1.1218556866204001	-25.185564400954387
1.1271474587271	-25.11022800801693
1.1324392308338	-25.033686186054194
1.1377310029405	-24.95600512676264
1.1430227750472002	-24.877249601404383
1.1483145471539	-24.797482952643765
1.1536063192606	-24.716767078220542
1.1588980913673	-24.635162471766932
1.1641898634740002	-24.55272816838488
1.1694816355807	-24.469521780020848
1.1747734076874001	-24.385599481860094
1.1800651797941	-24.30101603137469
1.1853569519008	-24.215824749275505
1.1906487240075	-24.130077549444767
1.1959404961142	-24.04382491988807
1.2012322682209	-23.957115947224636
1.2065240403275999	-23.869998316687294
1.2118158124343001	-23.782518323007064
1.217107584541	-23.694720870413132
1.2223993566477	-23.606649499844238
1.2276911287544	-23.51834637534301
1.2329829008611	-23.429852322151874
1.2382746729678	-23.34120681310736
1.2435664450745	-23.252447998572656
1.2488582171812	-23.163612714600994
1.2541499892879	-23.074736485656814
1.2594417613946	-22.98585357087509
1.2647335335013001	-22.896996942292247
1.270025305608	-22.808198309336397
1.2753170777147	-22.71948815692329
1.2806088498213999	-22.630895808042478
1.2859006219281002	-22.542449157085763
1.2911923940348	-22.454175143325283
1.2964841661415	-22.366099451588294
1.3017759382482	-22.2782466211027
1.3070677103549002	-22.190640001958826
1.3123594824616	-22.103301989127363
1.3176512545683001	-22.01625372313409
1.322943026675	-21.929515324077826
1.3282347987816998	-21.843105861697886
1.3335265708884	-21.757043371700906
1.3388183429951	-21.67134488025112
1.3441101151018	-21.5860264230183
1.3494018872084999	-21.50110306966801
1.3546936593152001	-21.41658894290959
1.3599854314219	-21.33249724026526
1.3652772035286	-21.248840261281483
1.3705689756353	-21.165629423855833
1.3758607477420002	-21.08287529961178
1.3811525198487	-21.00058761117753
1.3864442919554	-20.918775283887705
1.3917360640621	-20.83744645394672
1.3970278361688	-20.756608492919035
1.4023196082755	-20.67626804038284
1.4076113803822001	-20.59643100937232
1.4129031524889	-20.517102621752443
1.4181949245956	-20.43828743815151
1.4234866967023	-20.359989368845678
1.4287784688090002	-20.28221169824925
1.4340702409157	-20.204957125731713
1.4393620130224	-20.12822774929093
1.4446537851291	-20.05202511725476
1.4499455572358002	-19.976350282703848
1.4552373293425	-19.90120375449111
1.4605291014492	-19.826585581597033
1.4658208735559	-19.75249533952401
1.4711126456626	-19.678932168392233
1.4764044177693	-19.6058947919877
1.481696189876	-19.533381536810175
1.4869879619827	-19.46139035928456
1.4922797340893998	-19.38991886753004
1.4975715061961001	-19.31896433496572
1.5028632783028	-19.248523727522073
1.5081550504095	-19.178593725410003
1.5134468225161999	-19.109170734005417
1.5187385946229002	-19.040250919224025
1.5240303667296	-18.971830212963624
1.5293221388363	-18.90390433759433
1.534613910943	-18.836468825006563
1.5399056830497	-18.769519038380146
1.5451974551564	-18.703050185790005
1.5504892272631001	-18.637057331090716
1.5557809993698	-18.571535429291313
1.5610727714765	-18.506479326555294
1.5663645435832	-18.441883781969704
1.5716563156899002	-18.377743486593136
1.5769480877966	-18.314053068897994
1.5822398599033	-18.25080712470302
1.5875316320100001	-18.188000219894423
1.5928234041167	-18.125626901310454
1.5981151762234	-18.063681718510487
1.6034069483301	-18.002159240101882
1.6086987204368	-17.94105405101882
1.6139904925435	-17.880360768849158
1.6192822646502	-17.820074060161225
1.6245740367569	-17.760188662272974
1.6298658088636	-17.700699358761707
1.6351575809703	-17.64160103116572
1.6404493530770001	-17.58288861816721
1.6457411251837	-17.524557172736202
1.6510328972904	-17.466601843082575
1.6563246693970999	-17.409017886261747
1.6616164415038002	-17.35180066817468
1.6669082136105	-17.29494568261585
1.6721999857172	-17.238448540388692
1.6774917578239	-17.182304993795857
1.6827835299306002	-17.126510912148948
1.6880753020373	-17.07106232530674
1.6933670741440001	-17.0159553883004
1.6986588462507	-16.961186405823703
1.7039506183574	-16.906751826790774
1.7092423904641	-16.85264825794178
1.7145341625708002	-16.798872447516093
1.7198259346775	-16.745421287973432
1.7251177067841998	-16.692291848647518
1.7304094788909001	-16.63948131588105
1.7357012509976	-16.586987044727298
1.7409930231043	-16.53480653718103
1.7462847952109999	-16.482937442178493
1.7515765673177	-16.43137755015515
1.7568683394244	-16.38012480393021
1.7621601115311	-16.32917727693755
1.7674518836378	-16.278533189552526
1.7727436557445	-16.228190890044
1.7780354278512	-16.178148860016638
1.7833271999579001	-16.128405711689755
1.7886189720646	-16.07896017157048
1.7939107441713	-16.02981109133833
1.7992025162779999	-15.980957431518357
1.8044942883847002	-15.932398269644578
1.8097860604914	-15.884132775769714
1.8150778325981	-15.836160223349763
1.8203696047048	-15.78847997563829
1.8256613768115002	-15.74109148840758
1.8309531489182	-15.69399428545837
1.8362449210249001	-15.647187983110124
1.8415366931316	-15.60067224938393
1.8468284652383002	-15.55444682577162
1.852120237345	-15.508511497303246
1.8574120094517	-15.462866111595046
1.8627037815584	-15.41751055163806
1.8679955536650998	-15.37244473307699
1.8732873257718001	-15.327668615094762
1.8785790978785	-15.283182167758845
1.8838708699852	-15.238985382905827
1.8891626420918999	-15.195078260535707
1.8944544141986002	-15.151460811533044
1.8997461863053	-15.108133038618965
1.905037958412	-15.065094939072344
1.9103297305187	-15.02234649656634
1.9156215026254	-14.979887673005019
1.9209132747321	-14.937718359542833
1.9262050468388001	-14.89583860243914
1.9314968189455	-14.854248072436171
1.9367885910522	-14.812946761370505
1.9420803631589	-14.771934410733982
1.9473721352656002	-14.731210715759072
1.9526639073723	-14.690775360793701
1.957955679479	-14.65062801385896
1.9632474515857	-14.61076810623688
1.9685392236924002	-14.571195175333898
1.9738309957991	-14.531908614336109
1.9791227679058	-14.492907756564552
1.9844145400125	-14.45419184282156
1.9897063121192	-14.415760032275308
1.9949980842259	-14.37761141334436
2.0002898563326	-14.339744954717188
2.0055816284393	-14.302159557053798
2.010873400546	-14.264854028495483
2.0161651726527	-14.227827071059128
2.0214569447593997	-14.191077302406327
2.0267487168661003	-14.154603231353125
2.0320404889728	-14.11840327419686
2.0373322610795	-14.08247575199501
2.0426240331862	-14.046818705527787
2.0479158052929	-14.011430602794157
2.0532075773996	-13.976309288652345
2.0584993495063	-13.941452866468751
2.063791121613	-13.906858789257646
2.0690828937197	-13.872524975347995
2.0743746658264	-13.838449041022388
2.0796664379331	-13.804628529092668
2.0849582100398	-13.771060876246272
2.0902499821465	-13.737743432094202
2.0955417542532	-13.704673467334445
2.1008335263599003	-13.67184814381944
2.1061252984666	-13.63926454993088
2.1114170705733	-13.60691971146428
2.11670884268	-13.57481055081188
2.1220006147867	-13.542933922337458
2.1272923868933997	-13.511286601491772
2.1325841590001002	-13.479865317466224
2.1378759311068	-13.448666725981475
2.1431677032135	-13.417687390239472
2.1484594753202	-13.386923854394189
2.1537512474269	-13.356372586407726
2.1590430195336	-13.326030021588517
2.1643347916403	-13.295892538101082
2.169626563747	-13.265956473292865
2.1749183358537003	-13.236218137299925
2.1802101079604	-13.206673796720098
2.1855018800671	-13.177319693660984
2.1907936521738	-13.148152051182198
2.1960854242805	-13.119167065131979
2.2013771963872	-13.090360925916286
2.2066689684939	-13.061729807614247
2.2119607406006	-13.033269878862711
2.2172525127073004	-13.004977308298532
2.222544284814	-12.976848264558557
2.2278360569207	-12.94887894621216
2.2331278290273997	-12.921065540944165
2.2384196011341	-12.893404250045084
2.2437113732408003	-12.86589130745909
2.2490031453475	-12.838522974341753
2.2542949174542	-12.811295533617738
2.2595866895609	-12.7842053090288
2.2648784616676	-12.757248667854904
2.2701702337743	-12.730421982818298
2.275462005881	-12.703721721881077
2.2807537779877	-12.67714436661103
2.2860455500944004	-12.650686474767827
2.2913373222011	-12.624344642207081
2.2966290943078	-12.598115530091725
2.3019208664144997	-12.571995862170889
2.3072126385212	-12.545982432943296
2.3125044106279002	-12.520072085888174
2.3177961827346	-12.494261754282318
2.3230879548413	-12.468548433988712
2.3283797269480004	-12.442929207946777
2.3336714990547	-12.417401202634151
2.3389632711614	-12.391961691469957
2.3442550432680997	-12.366607969642423
2.3495468153748003	-12.34133743574305
2.3548385874815003	-12.316147564555216
2.3601303595882	-12.291035920659873
2.3654221316949	-12.266000163877823
2.3707139038016	-12.241038030221752
2.3760056759083	-12.216147350944194
2.381297448015	-12.191326044374122
2.3865892201217	-12.166572121359216
2.3918809922284	-12.141883677102458
2.3971727643351	-12.1172588966044
2.4024645364418	-12.092696125412772
2.4077563085485	-12.068193537643575
2.4130480806551997	-12.0437497863332
2.4183398527619	-12.019363344922894
2.4236316248686003	-11.995032847401077
2.4289233969753	-11.97075701755375
2.434215169082	-11.946534658079921
2.4395069411887	-11.922364661476184
2.4447987132954	-11.898246004594428
2.4500904854021	-11.874177743199553
2.4553822575088	-11.850159014690627
2.4606740296155003	-11.826189040822008
2.4659658017222	-11.80226711409766
2.4712575738289	-11.778392603213428
2.4765493459356	-11.754564958499316
2.4818411180423	-11.730783695592649
2.487132890149	-11.707048400880364
2.4924246622557	-11.683358720614441
2.4977164343624	-11.65971438540216
2.5030082064691004	-11.636115174831291
2.5082999785758	-11.61256092835466
2.5135917506825	-11.589051553453553
2.5188835227892	-11.565587006589753
2.5241752948958998	-11.542167298647813
2.5294670670026003	-11.518792489492785
2.5347588391093	-11.49546269069135
2.540050611216	-11.472178060069545
2.5453423833227	-11.448938793549353
2.5506341554294	-11.425745138754385
2.5559259275361	-11.402597365077359
2.5612176996427998	-11.379495790891497
2.5665094717495	-11.356440761781398
2.5718012438562003	-11.333432650543052
2.5770930159629	-11.310471865347248
2.5823847880696	-11.287558833412744
2.5876765601762997	-11.26469407175588
2.592968332283	-11.241877925961251
2.5982601043897002	-11.219110951141138
2.6035518764964	-11.196393658869596
2.6088436486031	-11.173726509019046
2.6141354207098004	-11.1511101437782
2.6194271928165	-11.128545047509727
2.6247189649232	-11.106031769883629
2.6300107370298997	-11.083570860569898
2.6353025091366002	-11.061162877401948
2.6405942812433003	-11.03880836732864
2.64588605335	-10.884554402508119
2.6511778254567	-10.862828744844277
2.6564695975633996	-10.841189643878183
2.6617613696701	-10.819636582593501
2.6670531417768	-10.798169049416178
2.6723449138835	-10.776786538214429
2.6776366859902	-10.755488540135339
2.6829284580969004	-10.734274559931682
2.6882202302036	-10.713144096913956
2.6935120023103	-10.692096661277214
2.6988037744169997	-10.671131765937641
2.7040955465237	-10.650248926532573
2.7093873186304003	-10.629447658699334
2.7146790907371	-10.60872748895981
2.7199708628438	-10.588087941114745
2.7252626349505	-10.567528547128301
2.7305544070572	-10.547048838964638
2.7358461791639	-10.526648359472471
2.7411379512706	-10.506326643337099
2.7464297233773003	-10.486083238849513
2.7517214954840004	-10.465917694300707
2.7570132675907	-10.445829560702812
2.7623050396974	-10.425818394510237
2.7675968118041	-10.40588374945625
2.7728885839108	-10.386025192879812
2.7781803560175002	-10.36624228939875
2.7834721281242	-10.346534603630886
2.7887639002309	-10.3269017110786
2.7940556723376	-10.307343184523129
2.7993474444443	-10.287858602187992
2.804639216551	-10.26844755046012
2.8099309886576997	-10.249109607563032
2.8152227607644003	-10.2298443626048
2.8205145328711	-10.21065141013577
2.8258063049778	-10.191530339264013
2.8310980770845	-10.172480749982155
2.8363898491912	-10.153502242282824
2.8416816212979	-10.134594416158645
2.8469733934046	-10.115756879765659
2.8522651655113	-10.096989241259907
2.8575569376180003	-10.078291114239706
2.8628487097247	-10.05966210958224
2.8681404818314	-10.041101846328102
2.8734322539381	-10.02260994623903
2.8787240260448	-10.004186031076753
2.8840157981515	-9.985829728045287
2.8893075702582	-9.967540661627504
2.8945993423649	-9.94931846719083
2.8998911144716004	-9.93116277466042
2.9051828865783	-9.91307322756711
2.910474658685	-9.895049455836057
2.9157664307916997	-9.877091108440379
2.9210582028984	-9.859197828910919
2.9263499750051003	-9.841369260778519
2.9316417471118	-9.82360505573744
2.9369335192185	-9.805904868203081
2.9422252913252	-9.78826834714856
2.9475170634319	-9.77069515515269
2.9528088355386	-9.753184949352011
2.9581006076453	-9.735737389604193
2.963392379752	-9.718352143930332
2.9686841518587004	-9.701028880351515
2.9739759239654	-9.683767261446556
2.9792676960721	-9.666566966121103
2.9845594681787997	-9.649427662396242
2.9898512402855	-9.63234902917762
2.9951430123922003	-9.615330745370885
3.0004347844989	-9.59837248988168
3.0057265566056	-9.581473947057926
3.0110183287123005	-9.564634801247546
3.016310100819	-9.5478547395196
3.0216018729257	-9.531133451664292
3.0268936450323998	-9.514470632914094
3.0321854171391003	-9.49786597033807
3.0374771892458003	-9.481319164610973
3.0427689613525	-9.464829916407554
3.0480607334592	-9.448397918239154
3.0533525055658997	-9.432022878943945
3.0586442776726	-9.415704499196677
3.0639360497793002	-9.399442490556659
3.069227821886	-9.383236553698644
3.0745195939927	-9.367086405624221
3.0798113660994	-9.350991755171556
3.0851031382061	-9.3349523166211
3.0903949103128	-9.318967809695573
3.0956866824194997	-9.303037951396565
3.1009784545262002	-9.287162458725657
3.1062702266329003	-9.271341059568991
3.1115619987396	-9.255573470928152
3.1168537708463	-9.239859426131558
3.122145542953	-9.224198644901934
3.1274373150597	-9.20859086600997
3.1327290871664	-9.193035811899534
3.1380208592731	-9.177533224062456
3.1433126313798003	-9.162082830384877
3.1486044034865	-9.14668437235863
3.1538961755932	-9.131337586033268
3.1591879476999	-9.116042212900629
3.1644797198066	-9.100797994452542
3.1697714919133	-9.085604677623119
3.1750632640200003	-9.070462001183051
3.1803550361267	-9.05536972022987
3.1856468082334	-9.040327576255404
3.1909385803401	-9.025335324357181
3.1962303524468	-9.010392716911587
3.2015221245535	-8.995499506295012
3.2068138966602	-8.98065544760498
3.2121056687669003	-8.965860298660154
3.2173974408736	-8.9511138172792
3.2226892129803	-8.93641576672306
3.227980985087	-8.9217659048104
3.2332727571937	-8.90716399480216
3.2385645293004	-8.892609805401557
3.2438563014071	-8.878103102590675
3.2491480735138	-8.863643649630456
3.2544398456205004	-8.849231220666393
3.2597316177272	-8.834865587122843
3.2650233898339	-8.82054651770303
3.2703151619406	-8.806273789273584
3.2756069340473	-8.792047175980004
3.2808987061540003	-8.777866454688924
3.2861904782607	-8.763731402266977
3.2914822503674	-8.749641803744215
3.2967740224741005	-8.735597433266134
3.3020657945808	-8.721598078583924
3.3073575666875	-8.707643522006494
3.3126493387941998	-8.693733548563898
3.3179411109009	-8.679867943286187
3.3232328830076003	-8.666046499366823
3.3285246551143	-8.652268999114723
3.333816427221	-8.638535241165624
3.3391081993276996	-8.624845010549585
3.3443999714344	-8.611198103181204
3.3496917435411	-8.597594314975089
3.3549835156478	-8.584033439124706
3.3602752877545	-8.570515276986939
3.3655670598612004	-8.557039624476388
3.3708588319679	-8.5436062802288
3.3761506040746	-8.530215048322196
3.3814423761812997	-8.516865730113459
3.3867341482880002	-8.503558126959467
3.3920259203947003	-8.490292045659384
3.3973176925014	-8.477067293012365
3.4026094646081	-8.463883673096435
3.4079012367148	-8.45074099543189
3.4131930088215	-8.437639072260167
3.4184847809282	-8.424577710380424
3.4237765530349	-8.411556724755236
3.4290683251416003	-8.398575927626041
3.4343600972483004	-8.385635133955416
3.439651869355	-8.372734155984794
3.4449436414617	-8.35987281411903
3.4502354135683997	-8.347050923320696
3.4555271856751	-8.334268301273507
3.4608189577818003	-8.321524773824596
3.4661107298885	-8.308820155936534
3.4714025019952	-8.296154270735313
3.4766942741019	-8.283526941346924
3.4819860462086	-8.270937996339635
3.4872778183153	-8.2583872561183
3.4925695904219998	-8.245874546530047
3.4978613625287003	-8.233399698864284
3.5031531346354	-8.220962538968138
3.5084449067421	-8.208562898131019
3.5137366788488	-8.196200604921193
3.5190284509555	-8.183875490628067
3.5243202230622	-8.171587389262188
3.5296119951689002	-8.1593361348341
3.5349037672756	-8.147121558633208
3.5401955393823004	-8.134943500112337
3.545487311489	-8.122801793282033
3.5507790835957	-8.110696274873977
3.5560708557024	-8.098626787062134
3.5613626278091	-8.086593166578185
3.5666543999158002	-8.074595252874952
3.5719461720225	-8.062632890847537
3.5772379441292	-8.050705919948761
3.5825297162359	-8.038814182352588
3.5878214883426	-8.026957522954115
3.5931132604493	-8.01513578936958
3.5984050325559997	-8.003348826494085
3.6036968046627	-7.991596476501589
3.6089885767694003	-7.979878595171748
3.6142803488761	-7.968195024678522
3.6195721209828	-7.956545615359289
3.6248638930895	-7.944930220272562
3.6301556651962	-7.933348689755722
3.6354474373029	-7.921800874146141
3.6407392094096	-7.910286629223479
3.6460309815163	-7.898805808046246
3.6513227536230004	-7.8873582636729616
3.6566145257297	-7.875943851883279
3.6619062978364	-7.86456242845685
3.6671980699430997	-7.853213854615608
3.6724898420498002	-7.841897983418069
3.6777816141565003	-7.8306146788073026
3.6830733862632	-7.8193637938418235
3.6883651583699	-7.808145195185841
3.6936569304766005	-7.796958741340148
3.6989487025833	-7.785804293526676
3.70424047469	-7.7746817156884935
3.7095322467967	-7.763590871768672
3.7148240189034	-7.752531625710281
3.7201157910101004	-7.741503841456389
3.7254075631168	-7.730507388392347
3.7306993352235	-7.719542130461222
3.7359911073301997	-7.708607934327222
3.7412828794369	-7.697704669375695
3.7465746515436003	-7.68683220499199
3.7518664236503	-7.675990410561452
3.757158195757	-7.665179155469429
3.7624499678637005	-7.654398314543545
3.7677417399704	-7.6436477544480095
3.7730335120771	-7.632927350010446
3.7783252841837998	-7.6222369760584785
3.7836170562905003	-7.6115765046985935
3.7889088283972003	-7.600945810758415
3.7942006005039	-7.590344771786706
3.7994923726106	-7.5797732598899525
3.8047841447173	-7.5692311553380565
3.810075916824	-7.55871833567978
3.8153676889307	-7.548234675742748
3.8206594610374	-7.537780055796861
3.8259512331441003	-7.52735435883316
3.8312430052508	-7.516957459679271
3.8365347773575	-7.506589244047371
3.8418265494642	-7.496249589486222
3.8471183215708997	-7.485938378986866
3.8524100936776002	-7.475655495540344
3.8577018657843003	-7.465400824858831
3.862993637891	-7.4551742472122315
3.8682854099977	-7.444975651033862
3.8735771821044	-7.434804919314763
3.8788689542111	-7.424661937767115
3.8841607263178	-7.414546594824231
3.8894524984245	-7.404458776198293
3.8947442705312003	-7.394398370322619
3.9000360426379	-7.3843652656305245
3.9053278147446	-7.374359350555326
3.9106195868513	-7.364380516251483
3.915911358958	-7.35442865115231
3.9212031310647	-7.344503646412264
3.9264949031714	-7.3346053931858
3.9317866752781	-7.3247337826273755
3.9370784473848004	-7.314888711333723
3.9423702194915	-7.305070067738159
3.9476619915982	-7.295277748437419
3.9529537637049	-7.285511647307095
3.9582455358116	-7.275771658222782
3.9635373079183003	-7.266057677781215
3.968829080025	-7.256369602579125
3.9741208521317	-7.246707326492108
3.9794126242384	-7.237070746116896
3.9847043963451	-7.227459763492502
3.9899961684518	-7.217874272494517
3.9952879405585	-7.208314175161953
4.0005797126652	-7.198779368091543
4.0058714847719	-7.189269750601161
4.0111632568786	-7.179785224729814
4.0164550289853	-7.170325692516514
4.021746801092	-7.160891053279132
4.0270385731987	-7.151481211777818
4.0323303453054	-7.142096064609304
4.0376221174121	-7.132735519254879
4.0429138895187995	-7.123399477753553
4.0482056616255	-7.114087844865473
4.0534974337322005	-7.1048005226296524
4.0587892058389	-7.095537421248517
4.0640809779456	-7.086298440039936
4.069372750052301	-7.077083486485199
4.074664522159	-7.067892468065592
4.0799562942657	-7.058725292262404
4.0852480663724	-7.049581866556924
4.0905398384791	-7.040462098430436
4.0958316105858	-7.031365892643092
4.1011233826925	-7.022293162118455
4.1064151547992	-7.013243817058952
4.1117069269058995	-7.004217762224732
4.1169986990126	-6.995214910539359
4.1222904711193005	-6.986235174926399
4.127582243226	-6.977278462867138
4.1328740153327	-6.968344687285144
4.1381657874394	-6.959433761103976
4.1434575595461	-6.950545594526065
4.1487493316528	-6.941680103196114
4.1540411037595	-6.932837200037686
4.1593328758662	-6.924016795253208
4.1646246479729	-6.9152188072085226
4.1699164200796	-6.906443148827193
4.1752081921863	-6.897689735753924
4.180499964293	-6.888958483633419
4.1857917363997	-6.880249305389242
4.1910835085064	-6.871562122108373
4.1963752806131	-6.862896849435518
4.201667052719801	-6.8542534030153766
4.2069588248265	-6.845631698492654
4.2122505969332	-6.837031659675471
4.2175423690399	-6.828453202208529
4.2228341411466	-6.819896241736532
4.2281259132533	-6.8113607020676
4.23341768536	-6.802846501567574
4.2387094574667	-6.794353558602295
4.2440012295734	-6.785881796979884
4.249293001680099	-6.777431135066182
4.2545847737867994	-6.76900149394817
4.2598765458935	-6.760592797433968
4.2651683180002005	-6.752204963889415
4.2704600901069005	-6.743837919843772
4.2757518622136	-6.735491586384018
4.2810436343203	-6.7271658845971345
4.286335406427	-6.718860741012379
4.2916271785337	-6.710576079437869
4.2969189506404	-6.702311823681726
4.302210722747101	-6.694067897552069
4.3075024948538	-6.685844227578153
4.3127942669605	-6.6776407375681
4.3180860390672	-6.669457354051168
4.3233778111739	-6.6612940035566135
4.3286695832806	-6.653150612613694
4.3339613553872995	-6.645027107751669
4.339253127494	-6.636923415499794
4.344544899600701	-6.628839465108467
4.349836671707401	-6.620775183106946
4.355128443814101	-6.612730498745626
4.3604202159208	-6.6047053412749035
4.3657119880275	-6.596699637224038
4.3710037601342	-6.5887133185645625
4.3762955322409	-6.580746314546875
4.3815873043476	-6.572798551700232
4.386879076454299	-6.5648699647173085
4.392170848561	-6.556960482848499
4.3974626206677	-6.54907003806534
4.4027543927744	-6.541198559618227
4.4080461648811005	-6.533345979478695
4.4133379369878	-6.52551223233942
4.4186297090945	-6.517697247450793
4.4239214812012	-6.509900959505494
4.4292132533079	-6.502123297753914
4.434505025414601	-6.494364202331007
4.4397967975213	-6.48662359976603
4.445088569628	-6.478901430193934
4.4503803417347	-6.471197622865114
4.4556721138414	-6.463512115193384
4.4609638859481	-6.455844841871417
4.466255658054799	-6.4481957348707475
4.4715474301614995	-6.440564734326327
4.4768392022682	-6.432951774930827
4.4821309743749005	-6.425356791376925
4.4874227464816006	-6.41777971835729
4.492714518588301	-6.410220496006877
4.498006290695	-6.402679059018357
4.5032980628017	-6.395155347526682
4.5085898349084	-6.387649296224525
4.5138816070151	-6.380160845246835
4.5191733791218	-6.372689932007429
4.5244651512285	-6.365236493920114
4.5297569233352	-6.357800468398705
4.5350486954419	-6.350381798299291
4.5403404675486	-6.3429804210356835
4.5456322396553	-6.335596276742835
4.550924011762	-6.328229302834556
4.5562157838687	-6.320879444888074
4.5615075559754	-6.313546637596064
4.566799328082101	-6.306230823814615
4.572091100188801	-6.298931946399817
4.5773828722955	-6.29164994276548
4.5826746444022	-6.284384758488835
4.5879664165089	-6.27713633370483
4.5932581886156	-6.269904608548417
4.5985499607223	-6.262689528596825
4.603841732828999	-6.255491036706142
4.6091335049357	-6.248309070290181
4.6144252770424	-6.241143580368446
4.6197170491491	-6.233994504354751
4.6250088212558005	-6.226861785105184
4.6303005933625	-6.21974537363925
4.6355923654692	-6.212645207370762
4.6408841375759	-6.205561231876948
4.6461759096826	-6.198493395456174
4.6514676817893	-6.19144164096453
4.656759453896001	-6.184405911258105
4.6620512260027	-6.177386154635266
4.6673429981094	-6.170382313952102
4.6726347702161	-6.163394340228118
4.6779265423228	-6.156422173598265
4.6832183144295	-6.149465765082048
4.6885100865361995	-6.142525057535557
4.6938018586429	-6.135600001978296
4.6990936307496005	-6.128690541266356
4.704385402856301	-6.121796626419241
4.709677174963001	-6.11491820301418
4.7149689470697	-6.108055219349539
4.7202607191764	-6.101207623723684
4.7255524912831	-6.094375364434981
4.7308442633898	-6.087558389781799
4.7361360354965	-6.080756650783643
4.7414278076032	-6.0739700902966
4.7467195797099	-6.067198664782453
4.7520113518166	-6.060442317097293
4.7573031239233	-6.053701003702901
4.76259489603	-6.046974667455369
4.7678866681367	-6.040263264816475
4.7731784402434	-6.033566741363449
4.7784702123501	-6.026885050836936
4.7837619844568	-6.02021814425644
4.789053756563501	-6.013565967199189
4.7943455286702	-6.0069284788481045
4.7996373007769	-6.000305624780414
4.8049290728836	-5.993697358736761
4.8102208449903	-5.987103631736653
4.815512617097	-5.98052439752073
4.820804389203699	-5.973959607108499
4.826096161310399	-5.967409211519466
4.8313879334171	-5.960873167215413
4.8366797055238	-5.954351422494707
4.8419714776305005	-5.947843936540266
4.847263249737201	-5.94135065765046
4.8525550218439	-5.934871539565932
4.8578467939506	-5.9284065360273255
4.8631385660573	-5.921955606217562
4.868430338164	-5.9155186957138675
4.873722110270701	-5.909095766420304
4.8790138823774	-5.902686769356375
4.8843056544841	-5.896291658262726
4.8895974265908	-5.8899103923222755
4.8948891986975	-5.883542919833393
4.9001809708042	-5.877189202700135
4.9054727429108995	-5.8708491919420105
4.9107645150176	-5.864522846741937
4.9160562871243	-5.85821012084056
4.921348059231001	-5.851910967978522
4.926639831337701	-5.845625350059886
4.9319316034444	-5.839353220825291
4.9372233755511	-5.833094534015384
4.9425151476578	-5.826849251534224
4.9478069197645	-5.820617327122454
4.9530986918712	-5.814398719962995
4.958390463977899	-5.808193383796492
4.9636822360846	-5.802001280527003
4.9689740081913	-5.795822366616312
4.974265780298	-5.789656595805062
4.9795575524047	-5.7835039327184505
4.9848493245114	-5.777364333818261
4.9901410966181	-5.7712377528451375
4.9954328687248	-5.765124154424277
5.0007246408315	-5.759023492296324
5.006016412938201	-5.752935731086477
5.011308185044901	-5.7468608245353785
5.0165999571516	-5.74079873454709
5.0218917292583	-5.734749423025669
5.027183501365	-5.728712843711761
5.0324752734717	-5.722688961230563
5.0377670455784	-5.716677732043858
5.0430588176850994	-5.710679120776844
5.0483505897917995	-5.704693083891304
5.0536423618985005	-5.698719583291298
5.0589341340052005	-5.692758578159745
5.064225906111901	-5.686810033121844
5.0695176782186	-5.680873904639378
5.0748094503253	-5.674950157337545
5.080101222432	-5.669038750399266
5.0853929945387	-5.6631396484497385
5.0906847666454	-5.657252807950745
5.0959765387521	-5.651378193527485
5.1012683108588	-5.645515769805155
5.1065600829655	-5.6396654932455395
5.1118518550722	-5.633827331194973
5.1171436271789	-5.628001242836378
5.1224353992855995	-5.622187190073813
5.1277271713923	-5.616385140253615
5.133018943499	-5.610595052558706
5.138310715605701	-5.604816891614284
5.143602487712401	-5.599050619324408
5.1488942598191	-5.593296197593137
5.1541860319258	-5.58755359376681
5.1594778040325	-5.581822769749483
5.1647695761392	-5.576103690166358
5.1700613482459	-5.570396316921491
5.175353120352599	-5.564700614640084
5.180644892459299	-5.559016547947333
5.185936664566	-5.553344084189574
5.1912284366727	-5.54768318254973
5.1965202087794005	-5.542033810374137
5.2018119808861005	-5.536395932287992
5.2071037529928	-5.530769512916495
5.2123955250995	-5.525154519605982
5.2176872972062	-5.519550914260513
5.2229790693129	-5.513958664226424
5.228270841419601	-5.5083777341289135
5.2335626135263	-5.502808091314319
5.238854385633	-5.497249697686699
5.2441461577397	-5.491702523313529
5.2494379298464	-5.4861665328200075
5.2547297019531	-5.480641693552472
5.2600214740597995	-5.4751279701361195
5.2653132461664995	-5.46962532719615
5.2706050182732005	-5.464133737521175
5.275896790379901	-5.458653160294117
5.281188562486601	-5.45318356830359
5.2864803345933	-5.447724926174792
5.2917721067	-5.4422772012540594
5.2970638788067	-5.436840360887729
5.3023556509134	-5.431414372422139
5.3076474230201	-5.425999203203624
5.312939195126799	-5.420594823299661
5.3182309672335	-5.415201194614309
5.3235227393402	-5.40981829265732
5.3288145114469	-5.404446079332756
5.3341062835536	-5.399084524708089
5.3393980556603005	-5.393733598850796
5.344689827767	-5.3883932691072145
5.3499815998737	-5.383063502823681
5.3552733719804	-5.377744270067669
5.360565144087101	-5.372435538185519
5.365856916193801	-5.367137279965841
5.3711486883005	-5.361849460033836
5.3764404604072	-5.356572048456978
5.3817322325139	-5.351305015302744
5.3870240046206	-5.346048330638607
5.3923157767273	-5.3408019645320435
5.397607548833999	-5.33556588432939
5.4028993209407	-5.330340060098123
5.4081910930474	-5.325124461905717
5.4134828651541005	-5.319919062540786
5.4187746372608006	-5.314723829349667
5.4240664093675	-5.309538732399836
5.4293581814742	-5.304363744479905
5.4346499535809	-5.299198832936213
5.4399417256876	-5.2940439705573725
5.4452334977943	-5.28889912741086
5.450525269901	-5.283764273564151
5.4558170420077	-5.278639381805858
5.4611088141144	-5.273524419482319
5.4664005862211	-5.268419362103287
5.4716923583278	-5.263324179736236
5.4769841304344995	-5.258238842448641
5.4822759025412	-5.253163323029118
5.4875676746479	-5.248097591545142
5.492859446754601	-5.243041620785326
5.498151218861301	-5.2379953808171456
5.503442990968001	-5.232958847150353
5.5087347630747	-5.227931989852427
5.5140265351814	-5.222914781711975
5.5193183072881	-5.2179071927964795
5.5246100793948	-5.212909195894549
5.5299018515015	-5.207920766515939
5.5351936236082	-5.202941874728125
5.5404853957149	-5.197972493319719
5.5457771678216	-5.193012597800475
5.5510689399283	-5.1880621555167306
5.5563607120350005	-5.183121144699375
5.5616524841417	-5.178189535415885
5.5669442562484	-5.1732673004548735
5.5722360283551	-5.168354418047233
5.5775278004618	-5.1634508555393
5.582819572568501	-5.158556588440826
5.5881113446752	-5.153671592261564
5.5934031167819	-5.148795839790129
5.5986948888886	-5.143929301093996
5.6039866609953	-5.139071957125194
5.609278433102	-5.13422377523006
5.614570205208699	-5.129384733639486
5.6198619773153995	-5.124554802420947
5.6251537494221004	-5.119733962526473
5.6304455215288005	-5.1149221813024
5.635737293635501	-5.11011943697962
5.6410290657422	-5.105325705067885
5.6463208378489	-5.100540958355809
5.6516126099556	-5.095765169632006
5.6569043820623	-5.090998317127369
5.662196154169	-5.086240376351647
5.667487926275701	-5.081491317372319
5.6727796983824	-5.076751121141412
5.6780714704891	-5.0720197577264035
5.6833632425958	-5.067297208079323
5.6886550147025	-5.062583442267644
5.6939467868092	-5.05787843852226
5.6992385589159	-5.053182175074061
5.7045303310226	-5.048494621990522
5.7098221031293	-5.043815757502536
5.715113875236001	-5.039145557119853
5.720405647342701	-5.034483996352227
5.7256974194494	-5.02983105343055
5.7309891915561	-5.0251867038645734
5.7362809636628	-5.020550923164051
5.7415727357695	-5.015923686838734
5.7468645078762	-5.011304973119515
5.752156279982899	-5.0066947575161445
5.7574480520896	-5.002093015538376
5.7627398241963	-4.997499725417102
5.768031596303	-4.992914862662074
5.7733233684097005	-4.988338405504183
5.7786151405164	-4.983770332174322
5.7839069126231	-4.979210615461101
5.7891986847298	-4.974659233595415
5.7944904568365	-4.970116164808154
5.799782228943201	-4.96558138733021
5.8050740010499	-4.961054879392472
5.8103657731566	-4.956536613783555
5.8156575452633	-4.95202657145549
5.82094931737	-4.9475247279180286
5.8262410894767	-4.9430310641232005
5.8315328615833995	-4.938545555580759
5.8368246336900995	-4.934068177800455
5.8421164057968	-4.929598914455459
5.8474081779035005	-4.925137738334383
5.852699950010201	-4.9206846303892595
5.857991722116901	-4.916239568850977
5.8632834942236	-4.9118025292292895
5.8685752663303	-4.907373489755088
5.873867038437	-4.9029524341015405
5.8791588105437	-4.898539335057261
5.8844505826504	-4.89413417357428
5.8897423547571	-4.8897369278834875
5.8950341268638	-4.885347576215776
5.9003258989705	-4.8809660995231745
5.9056176710772	-4.876592473315436
5.9109094431839	-4.87222667854459
5.9162012152906	-4.867868696162666
5.9214929873973	-4.863518498958279
5.926784759504	-4.859176073325735
5.932076531610701	-4.854841392053649
5.937368303717401	-4.850514438815188
5.9426600758241	-4.846195191841244
5.9479518479308	-4.841883632083848
5.9532436200375	-4.83757973505275
5.9585353921442	-4.833283481699982
5.9638271642509	-4.828994855698711
5.969118936357599	-4.824713829837552
5.9744107084642994	-4.820440390510811
5.979702480571	-4.816174513228241
5.9849942526777005	-4.811916181663011
5.9902860247844005	-4.807665371324873
5.9955777968911	-4.803422065886996
6.0008695689978	-4.79918624358027
6.0061613411045	-4.794957885356726
6.0114531132112	-4.790736972168394
6.0167448853179	-4.786523484967302
6.022036657424601	-4.782317399263204
6.0273284295313	-4.778118701450406
6.032620201638	-4.7739273697598
6.0379119737447	-4.769743385143417
6.0432037458514	-4.765566725832146
6.0484955179581	-4.761397375499157
6.0537872900647995	-4.757235315096478
6.0590790621715	-4.753080525576141
6.064370834278201	-4.748932985169035
6.069662606384901	-4.744792677548331
6.074954378491601	-4.740659583666055
6.0802461505983	-4.736533681753102
6.085537922705	-4.732414958203777
6.0908296948117	-4.728303388527833
6.0961214669184	-4.724198959119577
6.1014132390251	-4.720101648209901
6.106705011131799	-4.7160114394719725
6.1119967832385	-4.71192831385782
6.1172885553452	-4.707852249598338
6.1225803274519	-4.703783233087831
6.1278720995586005	-4.6997212452783295
6.1331638716653	-4.695666264400724
6.138455643772	-4.691618276849322
6.1437474158787	-4.687577260855015
6.1490391879854	-4.6835432028121105
6.154330960092101	-4.679516080951498
6.1596227321988	-4.675495876225209
6.1649145043055	-4.67148257502755
6.1702062764122	-4.66747615831055
6.1754980485189	-4.663476607026239
6.1807898206256	-4.659483904847787
6.186081592732299	-4.6554980327272215
6.1913733648389995	-4.651518974337713
6.1966651369457	-4.647546713352428
6.2019569090524005	-4.643581230723397
6.207248681159101	-4.639622507402651
6.212540453265801	-4.635670529784496
6.2178322253725	-4.63172527882096
6.2231239974792	-4.627786735464076
6.2284157695859	-4.623854886108149
6.2337075416926	-4.619929711705209
6.2389993137993	-4.616011195928426
6.244291085906	-4.612099322450967
6.2495828580127	-4.608194074946
6.2548746301194	-4.604295431644416
6.2601664022261	-4.600403381661661
6.2654581743328	-4.596517905949767
6.2707499464395	-4.5926389881819
6.2760417185462	-4.588766612031228
6.2813334906529	-4.584900758449782
6.286625262759601	-4.581041416553008
6.291917034866301	-4.577188561850657
6.297208806973	-4.573342186179315
6.3025005790797	-4.569502267769871
6.3077923511864	-4.565668793016634
6.3130841232931	-4.561841745592772
6.3183758953998	-4.558021106450314
6.323667667506499	-4.554206861983568
6.3289594396132	-4.55039899858684
6.3342512117199	-4.546597494491022
6.3395429838266	-4.542802338811559
6.3448347559333005	-4.539013512500481
6.3501265280400006	-4.535231001952095
6.3554183001467	-4.531454788118431
6.3607100722534	-4.527684860114935
6.3660018443601	-4.523921198893635
6.3712936164668	-4.520163788127702
6.376585388573501	-4.516412614211441
6.3818771606802	-4.51266766353916
6.3871689327869	-4.508928917062888
6.3924607048936	-4.505196358455794
6.3977524770003	-4.501469976833323
6.403044249107	-4.497749753147506
6.4083360212136995	-4.494035673792649
6.4136277933204	-4.490327725163059
6.4189195654271005	-4.4866258882107655
6.424211337533801	-4.482930149330077
6.429503109640501	-4.479240494915298
6.4347948817472	-4.4755569086396
6.4400866538539	-4.471879376897288
6.4453784259606	-4.46820788336153
6.4506701980673	-4.464542411705496
6.455961970174	-4.46088295104463
6.4612537422807	-4.457229485052102
6.4665455143874	-4.45358199740108
6.4718372864941	-4.449940474485869
6.4771290586008	-4.446304902700779
6.4824208307075	-4.442675265718976
6.4877126028142	-4.439051549934769
6.4930043749209	-4.435433741742463
6.4982961470276	-4.431821824815228
6.5035879191343	-4.42821578554737
6.508879691241001	-4.424615610333197
6.514171463347701	-4.421021285567014
6.5194632354544	-4.417432792200852
6.5247550075611	-4.413850122071297
6.5300467796678	-4.410273258851515
6.5353385517745	-4.406702186214676
6.5406303238812	-4.403136893276223
6.545922095987899	-4.399577366430465
6.5512138680946	-4.396023586629433
6.5565056402013004	-4.392475545709709
6.5617974123080005	-4.388933227344462
6.567089184414701	-4.385396617927999
6.5723809565214	-4.3818657011334885
6.5776727286281	-4.378340468797515
6.5829645007348	-4.374820901872107
6.5882562728415	-4.371306989472712
6.593548044948201	-4.367798717993637
6.5988398170549	-4.364296071108048
6.6041315891616	-4.360799040652531
6.6094233612683	-4.3573076075791155
6.614715133375	-4.353821761003247
6.6200069054817	-4.350341487319233
6.6252986775883995	-4.34686677292138
6.6305904496951	-4.343397606925134
6.6358822218018	-4.339933973003663
6.641173993908501	-4.336475857551273
6.646465766015201	-4.333023249683412
6.6517575381219	-4.329576135794385
6.6570493102286	-4.326134499557361
6.6623410823353	-4.322698332808924
6.667632854442	-4.319267619222243
6.6729246265487	-4.315842347912763
6.678216398655399	-4.312422505274792
6.6835081707621	-4.309008077702636
6.6887999428688	-4.305599051590602
6.6940917149755	-4.302195416054135
6.6993834870822	-4.298797157487544
6.7046752591889005	-4.2954042622851345
6.7099670312956	-4.292016719562353
6.7152588034023	-4.288634515713506
6.720550575509	-4.285257639854039
6.725842347615701	-4.281886075657119
6.731134119722401	-4.278519812238194
6.7364258918291	-4.275158838712708
6.7417176639358	-4.27180314147497
6.7470094360425	-4.268452706919285
6.7523012081492	-4.265107524161098
6.7575929802559	-4.261767582315857
6.7628847523625994	-4.258432865056729
6.7681765244692995	-4.2551033642202984
6.7734682965760005	-4.2517790634797334
6.7787600686827005	-4.248459954671619
6.784051840789401	-4.245146021469123
6.7893436128961	-4.241837258429967
6.7946353850028	-4.238533646506182
6.7999271571095	-4.235235174813215
6.8052189292162	-4.231941835187648
6.8105107013229	-4.228653614023789
6.8158024734296	-4.225370497715945
6.8210942455363	-4.222092475379561
6.826386017643	-4.218819536130083
6.8316777897497	-4.215551666361819
6.8369695618564	-4.212288855190212
6.8422613339630995	-4.209031091730709
6.8475531060698	-4.205778362377618
6.8528448781765	-4.202530656246384
6.858136650283201	-4.19928796517359
6.863428422389901	-4.196050270111268
6.868720194496601	-4.192817565617139
6.8740119666033	-4.18958983808551
6.87930373871	-4.186367076631828
6.8845955108167	-4.183149270371537
6.8898872829234	-4.179936405698945
6.8951790550301	-4.176728474450636
6.900470827136799	-4.1735254602997784
6.9057625992435	-4.170327357804094
6.9110543713502	-4.167134150636754
6.9163461434569005	-4.163945830634339
6.9216379155636005	-4.160762386912298
6.9269296876703	-4.1575838058649355
6.932221459777	-4.1544100766076975
6.9375132318837	-4.151241190977169
6.9428050039904	-4.148077135367656
6.948096776097101	-4.144917898894605
6.9533885482038	-4.141763470673462
6.9586803203105	-4.13861384254081
6.9639720924172	-4.135468998169817
6.9692638645239	-4.13232892939707
6.9745556366306	-4.12919362805915
6.9798474087372995	-4.126063077829228
6.9851391808439995	-4.122937273265023
6.9904309529507005	-4.119816200760847
6.995722725057401	-4.116699849432142
7.001014497164101	-4.113588208394355
7.0063062692708	-4.110481269484069
7.0115980413775	-4.1073790190955926
7.0168898134842	-4.1042814490655095
7.0221815855909	-4.101188545788126
7.0274733576976	-4.098100301100027
7.032765129804299	-4.0950167041166585
7.038056901911	-4.091937743953464
7.0433486740177	-4.08886341244703
7.0486404461244	-4.085793695991663
7.0539322182311	-4.082728583702807
7.0592239903378005	-4.07966806741705
7.0645157624445	-4.076612136249833
7.0698075345512	-4.073560779316604
7.0750993066579	-4.070513988453946
7.080391078764601	-4.067471750056169
7.085682850871301	-4.064434055959853
7.090974622978	-4.061400895280447
7.0962663950847	-4.058372259854533
7.1015581671914	-4.055348138797558
7.1068499392981	-4.0523285185038285
7.1121417114048	-4.049313393531067
7.117433483511499	-4.046302752994718
7.1227252556182	-4.043296583289092
7.1280170277249	-4.040294878971908
7.1333087998316005	-4.037297626437476
7.1386005719383006	-4.034304820243517
7.143892344045	-4.031316444063199
7.1491841161517	-4.028332495175385
7.1544758882584	-4.025352959974381
7.1597676603651	-4.022377827575633
7.1650594324718	-4.019407089815725
7.1703512045785	-4.016440738531241
7.1756429766852	-4.013478762837627
7.1809347487919	-4.0105211518503285
7.1862265208986	-4.00756789468479
7.1915182930053	-4.004618985898737
7.1968100651119995	-4.001674411886473
7.2021018372187	-3.9987341672057237
7.2073936093254	-3.9957982382507944
7.212685381432101	-3.992866619579409
7.217977153538801	-3.989939297585874
7.223268925645501	-3.987016264106774
7.2285606977522	-3.9840975109786916
7.2338524698589	-3.9811830300382134
7.2391442419656	-3.9782728076796445
7.2444360140723	-3.9753668384607086
7.249727786179	-3.9724651114968506
7.2550195582857	-3.969567615903517
7.2603113303924	-3.9666743462384297
7.2656031024991	-3.963785288895897
7.2708948746058	-3.96090043843364
7.2761866467125005	-3.958019783967106
7.2814784188192	-3.9551433146117394
7.2867701909259	-3.952271024925263
7.2920619630326	-3.949402904023123
7.2973537351393	-3.946538941020765
7.302645507246001	-3.943679130475912
7.3079372793527	-3.9408234615040083
7.3132290514594	-3.9379719259416395
7.3185208235661	-3.9351245129042502
7.3238125956728	-3.932281214228425
7.3291043677795	-3.9294420217507486
7.334396139886199	-3.926606927307804
7.3396879119928995	-3.9237759200150384
7.3449796840996004	-3.9209489917090345
7.3502714562063005	-3.9181261342263776
7.355563228313001	-3.9153073394036513
7.3608550004197	-3.912492596356301
7.3661467725264	-3.9096818969209117
7.3714385446331	-3.906875232934067
7.3767303167398	-3.90407259895349
7.3820220888465	-3.901273978652349
7.387313860953201	-3.898479369309505
7.3926056330599	-3.895688762761542
7.3978974051666	-3.8929021481239072
7.4031891772733	-3.8901195145120444
7.40848094938	-3.887340859204816
7.4137727214867	-3.8845661685965287
7.4190644935934	-3.8817954372449046
7.4243562657001	-3.8790286542653907
7.4296480378068	-3.876265814215709
7.434939809913501	-3.873506903490167
7.440231582020201	-3.870751922088764
7.4455233541269	-3.868000853684669
7.4508151262336	-3.865253692835604
7.4561068983403	-3.8625104340992924
7.461398670447	-3.8597710638700415
7.4666904425537	-3.8570355794267117
7.471982214660399	-3.854303967163611
7.4772739867671	-3.851576221638461
7.4825657588738	-3.8488523346878476
7.4878575309805	-3.8461322981483543
7.4931493030872005	-3.8434161038565646
7.4984410751939	-3.8407037409279243
7.5037328473006	-3.8379952066412955
7.5090246194073	-3.835290487390985
7.514316391514	-3.8325895777347143
7.519608163620701	-3.8298924722302083
7.524899935727401	-3.8271991572717723
7.5301917078341	-3.82450962741713
7.5354834799408	-3.8218238772240047
7.5407752520475	-3.819141895807841
7.5460670241542	-3.816463675005223
7.5513587962609	-3.8137892093738732
7.5566505683675995	-3.8111184880292392
7.5619423404743	-3.8084515055290415
7.5672341125810005	-3.805788253709866
7.572525884687701	-3.8031287216871568
7.577817656794401	-3.8004729067397762
7.5831094289011	-3.7978207952620315
7.5884012010078	-3.7951723845327834
7.5936929731145	-3.7925276663886165
7.5989847452212	-3.7898866299449763
7.6042765173279	-3.7872492697595854
7.6095682894346	-3.7846155776690282
7.6148600615413	-3.7819855455098885
7.620151833648	-3.77935916783989
7.6254436057547	-3.7767364337744773
7.6307353778614	-3.774117337871374
7.6360271499681	-3.7715018719671636
7.6413189220748	-3.7688900278984305
7.6466106941815	-3.766281800222898
7.651902466288201	-3.7636771780560108
7.657194238394901	-3.761076158676632
7.6624860105016	-3.758478731200205
7.6677777826083	-3.7558848874633153
7.673069554715	-3.7532946220236854
7.6783613268217	-3.750707926717899
7.6836530989284	-3.7481247933825417
7.688944871035099	-3.7455452165753353
7.6942366431417994	-3.7429691881328635
7.6995284152485	-3.7403967026128506
7.7048201873552005	-3.7378277491307403
7.7101119594619005	-3.7352623195231187
7.715403731568601	-3.7327004110688464
7.7206955036753	-3.730142015604507
7.725987275782	-3.727587124966685
7.7312790478887	-3.7250357309919653
7.7365708199954	-3.722487825516931
7.741862592102101	-3.7199434058204446
7.7471543642088	-3.717402461017951
7.7524461363155	-3.714864982946035
7.7577379084222	-3.7123309688835575
7.7630296805289	-3.709800410667102
7.7683214526356	-3.7072732974121156
7.7736132247422995	-3.7047496263974593
7.778904996849	-3.702229389459716
7.784196768955701	-3.699712578435472
7.789488541062401	-3.6971991851613093
7.794780313169101	-3.694689206916091
7.8000720852758	-3.6921826328152623
7.8053638573825	-3.6896794574165455
7.8106556294892	-3.687179675277663
7.8159474015959	-3.684683278235201
7.8212391737026	-3.6821902581257415
7.826530945809299	-3.6797006095070084
7.831822717916	-3.6772143242155857
7.8371144900227	-3.674731399530335
7.8424062621294	-3.6722518218455624
7.8476980342361005	-3.6697755911612693
7.8529898063428	-3.6673026965929
7.8582815784495	-3.664833132698179
7.8635733505562	-3.6623668913136878
7.8688651226629	-3.6599039697182905
7.874156894769601	-3.657444357027431
7.879448666876301	-3.6549880477988324
7.884740438983	-3.6525350338690794
7.8900322110897	-3.650085312517034
7.8953239831964	-3.647638875579279
7.9006157553031	-3.6451957148923984
7.9059075274098	-3.6427558250141168
7.9111992995164995	-3.6403191977810168
7.9164910716232	-3.6378858304719603
7.9217828437299005	-3.6354557122023934
7.927074615836601	-3.633028840251176
7.932366387943301	-3.6306052037337557
7.93765816005	-3.628184799928993
7.9429499321567	-3.6257676233946103
7.9482417042634	-3.623353663246054
7.9535334763701	-3.620942914041046
7.9588252484768	-3.618535373058448
7.9641170205835	-3.616131029413706
7.9694087926902	-3.6137298803856814
7.9747005647969	-3.6113319178109577
7.9799923369036	-3.6089371362472584
7.9852841090103	-3.606545527531167
7.990575881117	-3.6041570862204075
7.9958676532237	-3.601771806872701
8.0011594253304	-3.5993896840457715
8.0064511974371	-3.597010706855065
8.0117429695438	-3.5946348753005806
8.0170347416505	-3.5922621784977635
8.0223265137572	-3.5898926137254765
8.0276182858639	-3.5875261700991636
8.0329100579706	-3.5851628476188258
8.0382018300773	-3.5828026353999087
8.043493602184	-3.5804455280001353
8.0487853742907	-3.5780915199772276
8.0540771463974	-3.575740605888909
8.0593689185041	-3.573392777571763
8.0646606906108	-3.571048032304652
8.0699524627175	-3.56870636192416
8.0752442348242	-3.566367760988009
8.0805360069309	-3.5640322213327837
8.085827779037599	-3.561699740237346
8.091119551144299	-3.559370309538279
8.096411323251	-3.557043921072167
8.101703095357701	-3.5547205748390116
8.106994867464401	-3.5524002626753957
8.1122866395711	-3.5500829764179036
8.1175784116778	-3.5477687106242586
8.1228701837845	-3.5454574598521824
8.1281619558912	-3.5431492186593987
8.1334537279979	-3.54084398160363
8.138745500104601	-3.5385417432425994
8.1440372722113	-3.536242495412891
8.149329044318	-3.533946235393365
8.1546208164247	-3.5316529522994697
8.1599125885314	-3.529362646131202
8.1652043606381	-3.527075308725149
8.1704961327448	-3.524790934639031
8.1757879048515	-3.522509515709434
8.1810796769582	-3.520231049215218
8.1863714490649	-3.5179555269929685
8.1916632211716	-3.515682946321546
8.1969549932783	-3.513413299037535
8.202246765385	-3.511146582419797
8.2075385374917	-3.5088827855837774
8.2128303095984	-3.506621908529476
8.2181220817051	-3.5043639403723392
8.223413853811799	-3.502108881112366
8.2287056259185	-3.499856719865003
8.2339973980252	-3.497607456630249
8.2392891701319	-3.495361080523551
8.244580942238601	-3.4931175861026302
8.2498727143453	-3.4908769733674876
8.255164486452	-3.488639231433569
8.2604562585587	-3.4864043575797354
8.2657480306654	-3.484172343642572
8.271039802772101	-3.4819431869009376
8.2763315748788	-3.4797168819125575
8.2816233469855	-3.477493420514015
8.2869151190922	-3.4752727972630324
8.2922068911989	-3.4730550094384722
8.2974986633056	-3.470840051598057
8.3027904354123	-3.46862791557837
8.308082207519	-3.4664185986582736
8.3133739796257	-3.4642120953954905
8.3186657517324	-3.462008397626604
8.3239575238391	-3.459807502630477
8.3292492959458	-3.457609402243692
8.3345410680525	-3.45541409646625
8.3398328401592	-3.4532215744135963
8.3451246122659	-3.451031833364593
8.3504163843726	-3.448844867876962
8.3557081564793	-3.446660672508427
8.360999928586	-3.4444792418167096
8.3662917006927	-3.4423005703595333
8.3715834727994	-3.440124652694621
8.3768752449061	-3.4379514861008333
8.3821670170128	-3.435781062414756
8.3874587891195	-3.4336133761941103
8.3927505612262	-3.431448424717759
8.3980423333329	-3.4292861998222848
8.403334105439601	-3.4271267015076883
8.408625877546301	-3.4249699188894156
8.413917649653	-3.422815849246327
8.4192094217597	-3.4206644898572858
8.4245011938664	-3.4185158298377356
8.4297929659731	-3.4163698691876774
8.4350847380798	-3.414226599743696
8.4403765101865	-3.412086018784651
8.4456682822932	-3.409948120868266
8.4509600543999	-3.407812900552265
8.4562518265066	-3.4056803523943695
8.4615435986133	-3.4035504709523026
8.46683537072	-3.401423250783787