0.	42.531826011066826
0.0052917721067000005	42.513383431452425
0.010583544213400001	42.45807625081153
0.0158753163201	42.365942676651564
0.021167088426800002	42.237049929259975
0.026458860533500002	42.071492127379514
0.0317506326402	41.869390160314715
0.0370424047469	41.63089157364407
0.042334176853600004	41.35617043860541
0.0476259489603	41.045427207875505
0.052917721067000004	40.69888853053268
0.0582094931737	40.31680706974051
0.0635012652804	39.89946127689331
0.0687930373871	39.44715516304049
0.0740848094938	38.960218021330434
0.0793765816005	38.439004152175485
0.08466835370720001	37.88389255304212
0.0899601258139	37.295286597356665
0.0952518979206	36.67361368075716
0.1005436700273	36.01932484557634
0.10583544213400001	35.332894397161034
0.1111272142407	34.61481949570136
0.1164189863474	33.86561970724289
0.12171075845410001	33.0858365655833
0.1270025305608	32.27603310151541
0.1322943026675	31.436793333974247
0.1375860747742	30.56872178567437
0.14287784688090002	29.672442930718745
0.1481696189876	28.748600653092133
0.1534613910943	27.79785769154883
0.158753163201	26.820895043683322
0.1640449353077	25.818411378164285
0.16933670741440002	24.791122406151636
0.1746284795211	23.739760260876874
0.1799202516278	22.665072839127554
0.1852120237345	21.567823150895148
0.1905037958412	20.448788628205843
0.1957955679479	19.308760450278164
0.2010873400546	18.14854283058464
0.2063791121613	16.968952298471205
0.21167088426800001	15.77081697805549
0.2169626563747	14.554975845355957
0.2222544284814	13.322277974536496
0.2275462005881	12.073581786872177
0.2328379726948	10.8097542725036
0.2381297448015	9.531670214912385
0.24342151690820002	8.240211409954389
0.2487132890149	6.936265871287223
0.2540050611216	5.620727027634363
0.2592968332283	4.294492917328115
0.264588605335	2.958465399179414
0.2698803774417	1.613549317088265
0.2751721495484	0.2606516837021583
0.28046392165510003	-1.09931911687755
0.28575569376180004	-2.4654541699274715
0.29104746586850005	-3.8368448246746643
0.2963392379752	-5.212583535128469
0.30163101008189996	-6.591764679143233
0.3069227821886	-7.973485352990789
0.3122145542953	-9.356846193144321
0.317506326402	-10.740952181735397
0.3227980985087	-12.124913465616695
0.3280898706154	-13.507846131886506
0.3333816427221	-14.888873005182365
0.33867341482880003	-16.267124436811233
0.34396518693550004	-17.641739069389466
0.3492569590422	-19.011864598761615
0.3545487311489	-20.376658546803817
0.3598405032556	-21.73528897164096
0.3651322753623	-23.086935237728913
0.370424047469	-24.430788693418048
0.3757158195757	-25.766053392054975
0.3810075916824	-27.091946783151762
0.3862993637891	-28.407700376343737
0.3915911358958	-29.712560402626192
0.39688290800250003	-31.005788442937405
0.4021746801092	-32.286662062183936
0.4074664522159	-33.55447539156428
0.4127582243226	-34.808539724498246
0.4180499964293	-36.04818406629695
0.42334176853600003	-37.272755683832806
0.42863354064270004	-38.481620608950216
0.4339253127494	-39.67416414187614
0.4392170848561	-40.84979131381374
0.4445088569628	-42.007927346814746
0.44980062906949997	-43.14801805922916
0.4550924011762	-44.269530276597145
0.4603841732829	-45.371952207166196
0.4656759453896	-46.45479374393749
0.4709677174963	-47.517586834740776
0.476259489603	-48.55988578700186
0.48155126170970003	-49.58126747727031
0.48684303381640004	-50.58133158251623
0.49213480592310005	-51.55970084408071
0.4974265780298	-52.516021252713244
0.5027183501365	-53.44996213020589
0.5080101222432	-54.36121631987298
0.5133018943499	-55.24950011580152
0.5185936664566	-56.11455381796345
0.5238854385633	-56.9561410873058
0.52917721067	-57.77404947637276
0.5344689827767	-58.56808998848112
0.5397607548834	-59.33809749405461
0.5450525269901	-60.083930327895295
0.5503442990968	-60.80547029190473
0.5556360712035	-61.50262240473922
0.5609278433102001	-62.175315103174086
0.5662196154169	-62.82349952100191
0.5715113875236001	-63.44714963597402
0.5768031596303	-64.04626192421588
0.5820949317370001	-64.62085509083443
0.5873867038437001	-65.17096978691954
0.5926784759504	-65.69666827756527
0.5979702480571	-66.19803408812166
0.6032620201637999	-66.67517166405256
0.6085537922705	-67.12820311645373
0.6138455643772	-67.55728196924525
0.6191373364839	-67.96256442122645
0.6244291085906	-68.3442371887663
0.6297208806973	-68.70250286607772
0.635012652804	-69.03758226539667
0.6403044249106999	-69.34971389452357
0.6455961970174	-69.63915342075909
0.6508879691241	-69.90617312123393
0.6561797412308	-70.15106130330658
0.6614715133375	-70.37412173584505
0.6667632854442	-70.57567303697095
0.6720550575509	-70.75604806452424
0.6773468296576001	-70.91559330652825
0.6826386017643	-71.05466822267418
0.6879303738710001	-71.17364462118026
0.6932221459777	-71.27290599755513
0.6985139180844	-71.35284687064001
0.7038056901911001	-71.4138721159297
0.7090974622978	-71.4563963016148
0.7143892344045001	-71.48084298924908
0.7196810065112	-71.48764408339731
0.7249727786179001	-71.47723912413923
0.7302645507246	-71.45007459590038
0.7355563228313	-71.40660327709988
0.740848094938	-71.34728352993339
0.7461398670446999	-71.27257862280948
0.7514316391514	-71.18295605822838
0.7567234112580999	-71.07888686528602
0.7620151833648	-70.9608450581674
0.7673069554715	-70.82930677082449
0.7725987275782	-70.68474974540219
0.7778904996849	-70.52765266011708
0.7831822717916	-70.35849460951998
0.7884740438983	-70.17775376297456
0.7937658160050001	-69.98590826535424
0.7990575881117	-69.78343405741015
0.8043493602184	-69.57080510434677
0.8096411323251	-69.34849263934545
0.8149329044318	-69.11696461117316
0.8202246765385001	-68.87668513179142
0.8255164486452	-68.62811395117657
0.8308082207519001	-68.37170593486113
0.8360999928586	-68.10791057684987
0.8413917649653001	-67.83717151253623
0.8466835370720001	-67.55992605882969
0.8519753091787	-67.27660477877369
0.8572670812854001	-66.9876310543268
0.8625588533920999	-66.69342068091318
0.8678506254988	-66.39438150278984
0.8731423976054999	-66.09091303208741
0.8784341697122	-65.78340611410994
0.8837259418189	-65.47224262256744
0.8890177139256	-65.1577951439238
0.8943094860323	-64.84042671344638
0.8996012581389999	-64.52049055669772
0.9048930302457	-64.19832986640233
0.9101848023524	-63.87427757931318
0.9154765744591	-63.54865620205893
0.9207683465658	-63.22177763699101
0.9260601186725	-62.893943040684405
0.9313518907792	-62.56544270420762
0.9366436628859001	-62.23655594971929
0.9419354349926	-61.9075510515553
0.9472272070993001	-61.57868518180592
0.952518979206	-61.250204364056486
0.9578107513127	-60.92234347066622
0.9631025234194001	-60.5953262091626
0.9683942955261	-60.26936516033726
0.9736860676328001	-59.94466180545738
0.9789778397395	-59.6214066051787
0.9842696118462001	-59.29977905668947
0.9895613839529	-58.979947810719345
0.9948531560596	-58.66207077222159
1.0001449281663	-58.34629523642995
1.005436700273	-58.03275805756927
1.0107284723796999	-57.72158571144169
1.0160202444864	-57.412894627405535
1.0213120165931	-57.10679126728834
1.0266037886998	-56.803372381173915
1.0318955608065	-56.5027251679495
1.0371873329132	-56.20492758551552
1.0424791050199	-55.91004832901658
1.0477708771266	-55.61814794650821
1.0530626492333	-55.32927752736808
1.05835442134	-55.04348049008408
1.0636461934466999	-54.760792108776215
1.0689379655534	-54.481239945857595
1.0742297376601	-54.204844140475196
1.0795215097668	-53.93161769967164
1.0848132818735	-53.66156681131616
1.0901050539802	-53.39469113254528
1.0953968260869	-53.13098411357834
1.1006885981936	-52.87043329704272
1.1059803703003	-52.6130206390682
1.111272142407	-52.35872281133334
1.1165639145136999	-52.10751153032328
1.1218556866204001	-51.85935385937611
1.1271474587271	-51.6142125270561
1.1324392308338	-51.37204700200341
1.1377310029405	-51.13280998538649
1.1430227750472002	-50.89645534029995
1.1483145471539	-50.66293078278627
1.1536063192606	-50.43218197170709
1.1588980913673	-50.20415206247657
1.1641898634740002	-49.97878197373288
1.1694816355807	-49.7560106866635
1.1747734076874001	-49.53577551439794
1.1800651797941	-49.318012365958175
1.1853569519008	-49.10265602381479
1.1906487240075	-48.889640380626034
1.1959404961142	-48.67889870046714
1.2012322682209	-48.47036384196368
1.2065240403275999	-48.263968503194064
1.2118158124343001	-48.059645431217184
1.217107584541	-47.85732763976351
1.2223993566477	-47.65694860515709
1.2276911287544	-47.45844245679523
1.2329829008611	-47.26174416762824
1.2382746729678	-47.06678971470654
1.2435664450745	-46.8735162533336
1.2488582171812	-46.68186225312284
1.2541499892879	-46.49176764766026
1.2594417613946	-46.30317396511911
1.2647335335013001	-46.11602442622082
1.270025305608	-45.93026413199367
1.2753170777147	-45.7458400447247
1.2806088498213999	-45.5627011349013
1.2859006219281002	-45.380798492777835
1.2911923940348	-45.200085350144754
1.2964841661415	-45.02051713203024
1.3017759382482	-44.84205171792954
1.3070677103549002	-44.66464867172269
1.3123594824616	-44.488270765512155
1.3176512545683001	-44.3128825455828
1.322943026675	-44.13845106438817
1.3282347987816998	-43.96494574177238
1.3335265708884	-43.79233835952792
1.3388183429951	-43.62060304506872
1.3441101151018	-43.44971837759155
1.3494018872084999	-43.279656732097074
1.3546936593152001	-43.1104055042712
1.3599854314219	-42.94194580396958
1.3652772035286	-42.77426303772578
1.3705689756353	-42.60734473456149
1.3758607477420002	-42.4411804752369
1.3811525198487	-42.27576184054911
1.3864442919554	-42.11108232969795
1.3917360640621	-41.94713729225751
1.3970278361688	-41.78392385198427
1.4023196082755	-41.62144081157723
1.4076113803822001	-41.45968859009172
1.4129031524889	-41.298669108651644
1.4181949245956	-41.138385725142044
1.4234866967023	-40.97884312808476
1.4287784688090002	-40.82004723323519
1.4340702409157	-40.66200511827488
1.4393620130224	-40.50472488947578
1.4446537851291	-40.348215616392956
1.4499455572358002	-40.19248721485553
1.4552373293425	-40.0375503571692
1.4605291014492	-39.88341636871292
1.4658208735559	-39.73009715991045
1.4711126456626	-39.57760509017342
1.4764044177693	-39.42595289170945
1.481696189876	-39.27515359605143
1.4869879619827	-39.1252204170485
1.4922797340893998	-38.97616667739539
1.4975715061961001	-38.828005729719315
1.5028632783028	-38.68075085317676
1.5081550504095	-38.534415190867286
1.5134468225161999	-38.38901167364164
1.5187385946229002	-38.244552957515566
1.5240303667296	-38.10105128761287
1.5293221388363	-37.95851853898252
1.534613910943	-37.816966075099394
1.5399056830497	-37.67640472337409
1.5451974551564	-37.53684469623987
1.5504892272631001	-37.3982955802681
1.5557809993698	-37.26076622460159
1.5610727714765	-37.12426463210904
1.5663645435832	-36.988798405651764
1.5716563156899002	-36.85437414126979
1.5769480877966	-36.72099721049075
1.5822398599033	-36.588672598440624
1.5875316320100001	-36.45740423988585
1.5928234041167	-36.32719517161714
1.5981151762234	-36.19804750251692
1.6034069483301	-36.06996242172278
1.6086987204368	-35.94294017413718
1.6139904925435	-35.816980074033204
1.6192822646502	-35.69208049689109
1.6245740367569	-35.56823889844621
1.6298658088636	-35.44545180652569
1.6351575809703	-35.323714845538625
1.6404493530770001	-35.20302275280291
1.6457411251837	-35.08336940031436
1.6510328972904	-34.964747794746714
1.6563246693970999	-34.84715013459554
1.6616164415038002	-34.73056781834163
1.6669082136105	-34.614991471662435
1.6721999857172	-34.500410993691375
1.6774917578239	-34.38681557878699
1.6827835299306002	-34.274193762792216
1.6880753020373	-34.16253345296704
1.6933670741440001	-34.05182196608432
1.6986588462507	-33.942046080131476
1.7039506183574	-33.83319206968529
1.7092423904641	-33.725245744007836
1.7145341625708002	-33.61819249874811
1.7198259346775	-33.51201735675913
1.7251177067841998	-33.40670501163613
1.7304094788909001	-33.3022398794182
1.7357012509976	-33.198606133963104
1.7409930231043	-33.095787755927766
1.7462847952109999	-32.993768581748746
1.7515765673177	-32.89253234173821
1.7568683394244	-32.79206270906442
1.7621601115311	-32.6923433351265
1.7674518836378	-32.59335790397728
1.7727436557445	-32.49509014320776
1.7780354278512	-32.397523938235025
1.7833271999579001	-32.3006432642737
1.7886189720646	-32.20443230606612
1.7939107441713	-32.10887544699769
1.7992025162779999	-32.013957342567736
1.8044942883847002	-31.91966291766825
1.8097860604914	-31.82597741012222
1.8150778325981	-31.73288642238516
1.8203696047048	-31.640376033111878
1.8256613768115002	-31.54843235361083
1.8309531489182	-31.457042107446668
1.8362449210249001	-31.366192807314242
1.8415366931316	-31.27587197135069
1.8468284652383002	-31.18606774083388
1.852120237345	-31.096768741404357
1.8574120094517	-31.00796410211332
1.8627037815584	-30.919643458143742
1.8679955536650998	-30.83179696985837
1.8732873257718001	-30.744415317357404
1.8785790978785	-30.657489714084228
1.8838708699852	-30.571011895940835
1.8891626420918999	-30.484974134893537
1.8944544141986002	-30.399369236251808
1.8997461863053	-30.314190519620322
1.905037958412	-30.22943182706238
1.9103297305187	-30.145087517657604
1.9156215026254	-30.061152445732862
1.9209132747321	-29.977621958141096
1.9262050468388001	-29.89449188337681
1.9314968189455	-29.811758512528044
1.9367885910522	-29.72941858567073
1.9420803631589	-29.647469275541837
1.9473721352656002	-29.565908176654826
1.9526639073723	-29.484733272645975
1.957955679479	-29.403942930832102
1.9632474515857	-29.323535866835787
1.9685392236924002	-29.243511141864193
1.9738309957991	-29.163868124613163
1.9791227679058	-29.084606474940376
1.9844145400125	-29.005726116653943
1.9897063121192	-28.927227223906737
1.9949980842259	-28.849110191263858
2.0002898563326	-28.771375601048973
2.0055816284393	-28.69402421790204
2.010873400546	-28.617056950683352
2.0161651726527	-28.54047483070445
2.0214569447593997	-28.464278998122424
2.0267487168661003	-28.388470672007365
2.0320404889728	-28.313051095919636
2.0373322610795	-28.23802158416919
2.0426240331862	-28.163383442902564
2.0479158052929	-28.089137986429716
2.0532075773996	-28.015286474637822
2.0584993495063	-27.94183012931814
2.063791121613	-27.86877010423343
2.0690828937197	-27.796107452464355
2.0743746658264	-27.72384313457284
2.0796664379331	-27.65197798594844
2.0849582100398	-27.580512572587995
2.0902499821465	-27.509447852332304
2.0955417542532	-27.438783808854524
2.1008335263599003	-27.368520765970157
2.1061252984666	-27.29865879987109
2.1114170705733	-27.229197720077615
2.11670884268	-27.211386245981
2.1220006147867	-27.14352742703246
2.1272923868933997	-27.076006214310794
2.1325841590001002	-27.00882009620506
2.1378759311068	-26.941966580152265
2.1431677032135	-26.8754432062431
2.1484594753202	-26.809247533616226
2.1537512474269	-26.743377145900528
2.1590430195336	-26.677829653936307
2.1643347916403	-26.612602684890675
2.169626563747	-26.547693898584416
2.1749183358537003	-26.483100968444013
2.1802101079604	-26.418821597828455
2.1855018800671	-26.354853506423584
2.1907936521738	-26.291194441126613
2.1960854242805	-26.227842165161597
2.2013771963872	-26.16479446624283
2.2066689684939	-26.102049156574864
2.2119607406006	-26.039604061967932
2.2172525127073004	-25.97745703544366
2.222544284814	-25.915605949071644
2.2278360569207	-25.854048688527175
2.2331278290273997	-25.792783172139206
2.2384196011341	-25.73180732367896
2.2437113732408003	-25.67111909957134
2.2490031453475	-25.61071646712578
2.2542949174542	-25.55059741542085
2.2595866895609	-25.49075994986193
2.2648784616676	-25.431202100344656
2.2701702337743	-25.37192190764922
2.275462005881	-25.312917437046064
2.2807537779877	-25.25418677013245
2.2860455500944004	-25.195728004832482
2.2913373222011	-25.137539258118238
2.2966290943078	-25.079618660567473
2.3019208664144997	-25.021964364527065
2.3072126385212	-24.964574538670725
2.3125044106279002	-24.907447365277843
2.3177961827346	-24.850581045675796
2.3230879548413	-24.793973800239918
2.3283797269480004	-24.737623860230105
2.3336714990547	-24.68152947595422
2.3389632711614	-24.62568891132582
2.3442550432680997	-24.5701004465853
2.3495468153748003	-24.514762383742152
2.3548385874815003	-24.45967303024815
2.3601303595882	-24.40483071260305
2.3654221316949	-24.35023377635456
2.3707139038016	-24.295880577934952
2.3760056759083	-24.241769484661052
2.381297448015	-24.187898885618793
2.3865892201217	-24.134267180778664
2.3918809922284	-24.08087278371685
2.3971727643351	-24.027714124336363
2.4024645364418	-23.974789643424767
2.4077563085485	-23.922097798096466
2.4130480806551997	-23.86963705907155
2.4183398527619	-23.817405905233535
2.4236316248686003	-23.765402834513893
2.4289233969753	-23.713626358449797
2.434215169082	-23.66207499674184
2.4395069411887	-23.610747285417435
2.4447987132954	-23.559641771388563
2.4500904854021	-23.508757015172886
2.4553822575088	-23.45809159089377
2.4606740296155003	-23.407644083559124
2.4659658017222	-23.357413086340287
2.4712575738289	-23.307397214177694
2.4765493459356	-23.257595082011786
2.4818411180423	-23.208005326552108
2.487132890149	-23.158626592671634
2.4924246622557	-23.10945753340674
2.4977164343624	-23.060496818120637
2.5030082064691004	-23.01174312433995
2.5082999785758	-22.963195143197012
2.5135917506825	-22.914851576708692
2.5188835227892	-22.86671113233414
2.5241752948958998	-22.818772533859345
2.5294670670026003	-22.771034515954852
2.5347588391093	-22.723495821454605
2.540050611216	-22.676155204077123
2.5453423833227	-22.6290114311466
2.5506341554294	-22.582063275429526
2.5559259275361	-22.535309520576934
2.5612176996427998	-22.48874896384555
2.5665094717495	-22.442380407934376
2.5718012438562003	-22.39620267186925
2.5770930159629	-22.35021457467602
2.5823847880696	-22.304414954428477
2.5876765601762997	-22.258802654642714
2.592968332283	-22.21337652699823
2.5982601043897002	-22.168135434059078
2.6035518764964	-22.12307824927387
2.6088436486031	-22.078203851533495
2.6141354207098004	-22.03351113061339
2.6194271928165	-21.988998987173552
2.6247189649232	-21.944666327316252
2.6300107370298997	-21.90051206802832
2.6353025091366002	-21.85653513718114
2.6405942812433003	-21.81273446536723
2.64588605335	-21.7691089967848
2.6511778254567	-21.725657681074345
2.6564695975633996	-21.68237947876091
2.6617613696701	-21.639273355811817
2.6670531417768	-21.596338291800084
2.6723449138835	-21.553573263577583
2.6776366859902	-21.510977269765306
2.6829284580969004	-21.4685493062631
2.6882202302036	-21.426288382576498
2.6935120023103	-21.38419351365333
2.6988037744169997	-21.342263722604816
2.7040955465237	-21.30049804070562
2.7093873186304003	-21.258895504672655
2.7146790907371	-21.217455162107413
2.7199708628438	-21.176176066053646
2.7252626349505	-21.135057277718538
2.7305544070572	-21.09409786375153
2.7358461791639	-21.05329690168663
2.7411379512706	-21.01265347177899
2.7464297233773003	-20.97216666244716
2.7517214954840004	-20.931835572994267
2.7570132675907	-20.891659305444556
2.7623050396974	-20.851636969985698
2.7675968118041	-20.811767682247645
2.7728885839108	-20.772050568744895
2.7781803560175002	-20.73248475871309
2.7834721281242	-20.693069389551283
2.7887639002309	-20.653803601379668
2.7940556723376	-20.614686550645274
2.7993474444443	-20.575717388352853
2.804639216551	-20.53689527911284
2.8099309886576997	-20.498219392977962
2.8152227607644003	-20.459688905443212
2.8205145328711	-20.421303000167
2.8258063049778	-20.383060858086605
2.8310980770845	-20.344961679187268
2.8363898491912	-20.307004660733096
2.8416816212979	-20.26918901087275
2.8469733934046	-20.231513937754887
2.8522651655113	-20.19397866041273
2.8575569376180003	-20.156582403321757
2.8628487097247	-20.11932439639975
2.8681404818314	-20.08220387228561
2.8734322539381	-20.045220071781667
2.8787240260448	-20.008372238411376
2.8840157981515	-19.971659629303897
2.8893075702582	-19.935081498867245
2.8945993423649	-19.89863710967285
2.8998911144716004	-19.862325727013292
2.9051828865783	-19.82614662706569
2.910474658685	-19.79009908872831
2.9157664307916997	-19.754182393620557
2.9210582028984	-19.718395831525246
2.9263499750051003	-19.682738694946337
2.9316417471118	-19.6472102845512
2.9369335192185	-19.611809906449494
2.9422252913252	-19.57653686675086
2.9475170634319	-19.54139048244951
2.9528088355386	-19.506370067818512
2.9581006076453	-19.471474953457758
2.963392379752	-19.436704461803735
2.9686841518587004	-19.402057928898614
2.9739759239654	-19.367534693505714
2.9792676960721	-19.333134099830627
2.9845594681787997	-19.298855494800076
2.9898512402855	-19.264698228061935
2.9951430123922003	-19.23066165742749
3.0004347844989	-19.1967451461503
3.0057265566056	-19.162948060205068
3.0110183287123005	-19.129269768287628
3.016310100819	-19.09570964725724
3.0216018729257	-19.062267071252023
3.0268936450323998	-19.028941430736918
3.0321854171391003	-18.995732108013456
3.0374771892458003	-18.96263849898887
3.0427689613525	-18.929659996849242
3.0480607334592	-18.896796002944075
3.0533525055658997	-18.864045924065156
3.0586442776726	-18.83140916700425
3.0639360497793002	-18.798885143995427
3.069227821886	-18.766473272715015
3.0745195939927	-18.73417297356049
3.0798113660994	-18.701983675092738
3.0851031382061	-18.669904800430373
3.0903949103128	-18.637935783576562
3.0956866824194997	-18.606076066697884
3.1009784545262002	-18.574325083797504
3.1062702266329003	-18.54268227976315
3.1115619987396	-18.51114710492481
3.1168537708463	-18.47971901233363
3.122145542953	-18.448397455040737
3.1274373150597	-18.41718189153955
3.1327290871664	-18.3860717884869
3.1380208592731	-18.355066607097335
3.1433126313798003	-18.3241658221911
3.1486044034865	-18.29336890586731
3.1538961755932	-18.262675332946205
3.1591879476999	-18.232084586411442
3.1644797198066	-18.20159615196783
3.1697714919133	-18.171209512599024
3.1750632640200003	-18.14092416489438
3.1803550361267	-18.110739597279835
3.1856468082334	-18.080655311787023
3.1909385803401	-18.050670810447578
3.1962303524468	-18.020785592571986
3.2015221245535	-17.99099917107644
3.2068138966602	-17.961311053434844
3.2121056687669003	-17.931720755284527
3.2173974408736	-17.90222779226281
3.2226892129803	-17.87283168817044
3.227980985087	-17.84353196408701
3.2332727571937	-17.81432814925554
3.2385645293004	-17.78521976747678
3.2438563014071	-17.75620635887829
3.2491480735138	-17.72728745542424
3.2544398456205004	-17.698462599963324
3.2597316177272	-17.66973132990199
3.2650233898339	-17.641093190810082
3.2703151619406	-17.61254773097859
3.2756069340473	-17.58409450414078
3.2808987061540003	-17.555733061308775
3.2861904782607	-17.527462961658124
3.2914822503674	-17.499283758922086
3.2967740224741005	-17.471195020439623
3.3020657945808	-17.443196310828554
3.3073575666875	-17.41528719742784
3.3126493387941998	-17.387467250297576
3.3179411109009	-17.359736042219
3.3232328830076003	-17.332093151415624
3.3285246551143	-17.30453815338982
3.333816427221	-17.277070631807383
3.3391081993276996	-17.249690173055242
3.3443999714344	-17.222396358078043
3.3496917435411	-17.195188781426136
3.3549835156478	-17.16806703220759
3.3602752877545	-17.141030704972746
3.3655670598612004	-17.114079399714225
3.3708588319679	-17.087212713703515
3.3761506040746	-17.060430246933237
3.3814423761812997	-17.033731610280565
3.3867341482880002	-17.007116403738124
3.3920259203947003	-16.980584240904232
3.3973176925014	-16.954134732656055
3.4026094646081	-16.927767492591922
3.4079012367148	-16.901482139752417
3.4131930088215	-16.875278293178134
3.4184847809282	-16.84915556918853
3.4237765530349	-16.823113597708744
3.4290683251416003	-16.797152003221655
3.4343600972483004	-16.771270412931266
3.439651869355	-16.745468459483867
3.4449436414617	-16.719745772804604
3.4502354135683997	-16.694101990982034
3.4555271856751	-16.668536752104725
3.4608189577818003	-16.643049691540103
3.4661107298885	-16.617640455540144
3.4714025019952	-16.59230868763569
3.4766942741019	-16.567054031357575
3.4819860462086	-16.541876138400063
3.4872778183153	-16.516774655015134
3.4925695904219998	-16.49174924106045
3.4978613625287003	-16.466799542787996
3.5031531346354	-16.44192522549772
3.5084449067421	-16.41712594088388
3.5137366788488	-16.392401354246424
3.5190284509555	-16.367751125443025
3.5243202230622	-16.343174922494768
3.5296119951689002	-16.318672410701602
3.5349037672756	-16.29424326080576
3.5401955393823004	-16.26988714354946
3.545487311489	-16.245603729674933
3.5507790835957	-16.22139269536668
3.5560708557024	-16.19725371680921
3.5613626278091	-16.173186475629297
3.5666543999158002	-16.14919065073259
3.5719461720225	-16.12526592374586
3.5772379441292	-16.101411979017037
3.5825297162359	-16.077628506336318
3.5878214883426	-16.05391519005161
3.5931132604493	-16.030271719953124
3.5984050325559997	-16.00669779127333
3.6036968046627	-15.983193096523557
3.6089885767694003	-15.959757328215147
3.6142803488761	-15.936390187022848
3.6195721209828	-15.913091370900277
3.6248638930895	-15.889860580522178
3.6301556651962	-15.86669751928445
3.6354474373029	-15.843601890582974
3.6407392094096	-15.820573397813646
3.6460309815163	-15.797611752535769
3.6513227536230004	-15.774716663587512
3.6566145257297	-15.75188784252818
3.6619062978364	-15.729124998195939
3.6671980699430997	-15.706427847592373
3.6724898420498002	-15.683796107719067
3.6777816141565003	-15.661229492856462
3.6830733862632	-15.638727728169558
3.6883651583699	-15.616290527938801
3.6936569304766005	-15.593917620050327
3.6989487025833	-15.57160872422686
3.70424047469	-15.549363568354533
3.7095322467967	-15.527181880319487
3.7148240189034	-15.505063388007859
3.7201157910101004	-15.483007822026922
3.7254075631168	-15.461014912983957
3.7306993352235	-15.439084394207377
3.7359911073301997	-15.417216004467875
3.7412828794369	-15.395409474372723
3.7465746515436003	-15.373664545413757
3.7518664236503	-15.351980956361666
3.757158195757	-15.330358448708282
3.7624499678637005	-15.308796763945432
3.7677417399704	-15.287295643564955
3.7730335120771	-15.265854837222088
3.7783252841837998	-15.244474086408669
3.7836170562905003	-15.223153143501078
3.7889088283972003	-15.201891758154561
3.7942006005039	-15.180689677303233
3.7994923726106	-15.159546656044611
3.8047841447173	-15.138462446755081
3.810075916824	-15.117436804532174
3.8153676889307	-15.096469484473404
3.8206594610374	-15.075560247118576
3.8259512331441003	-15.054708850286351
3.8312430052508	-15.033915051795397
3.8365347773575	-15.013178617627783
3.8418265494642	-14.99249930832332
3.8471183215708997	-14.971876889864077
3.8524100936776002	-14.951311125511005
3.8577018657843003	-14.93080178124617
3.862993637891	-14.910348628493933
3.8682854099977	-14.889951433236371
3.8735771821044	-14.869609969618981
3.8788689542111	-14.849324009066121
3.8841607263178	-14.82909332300214
3.8894524984245	-14.80891768557253
3.8947442705312003	-14.788796873643932
3.9000360426379	-14.768730661361838
3.9053278147446	-14.748718833756293
3.9106195868513	-14.728761162251656
3.915911358958	-14.708857429156836
3.9212031310647	-14.689007419501879
3.9264949031714	-14.6692109155957
3.9317866752781	-14.649467697026068
3.9370784473848004	-14.62977755154417
3.9423702194915	-14.61014026690119
3.9476619915982	-14.590555628127186
3.9529537637049	-14.571023425694474
3.9582455358116	-14.551543447354245
3.9635373079183003	-14.532115486299967
3.968829080025	-14.51273933028282
3.9741208521317	-14.49341477793855
3.9794126242384	-14.474141619739488
3.9847043963451	-14.454919651600228
3.9899961684518	-14.435748672156516
3.9952879405585	-14.416628474601815
4.0005797126652	-14.397558860293012
4.0058714847719	-14.378539627865838
4.0111632568786	-14.35957057867718
4.0164550289853	-14.340651514083916
4.021746801092	-14.321782235442932
4.0270385731987	-14.302962546832239
4.0323303453054	-14.284192255050998
4.0376221174121	-14.265471164177232
4.0429138895187995	-14.246799081010094
4.0482056616255	-14.228175815069877
4.0534974337322005	-14.209601173155747
4.0587892058389	-14.191074964787997
4.0640809779456	-14.17259700220806
4.069372750052301	-14.154167097657371
4.074664522159	-14.135785063377364
4.0799562942657	-14.117450711609479
4.0852480663724	-14.099163857316285
4.0905398384791	-14.080924318181495
4.0958316105858	-14.062731909167686
4.1011233826925	-14.044586450679702
4.1064151547992	-14.026487754958984
4.1117069269058995	-14.008435647852659
4.1169986990126	-13.990429947044436
4.1222904711193005	-13.972470472939168
4.127582243226	-13.954557048662842
4.1328740153327	-13.936689497341455
4.1381657874394	-13.918867644822123
4.1434575595461	-13.901091314230845
4.1487493316528	-13.883360328693607
4.1540411037595	-13.865674519499816
4.1593328758662	-13.848033712496596
4.1646246479729	-13.83043773625222
4.1699164200796	-13.812886419334946
4.1752081921863	-13.795379593034188
4.180499964293	-13.777917085918208
4.1857917363997	-13.76049873471869
4.1910835085064	-13.743124368003897
4.1963752806131	-13.725793819784379
4.201667052719801	-13.708506924070674
4.2069588248265	-13.691263520315607
4.2122505969332	-13.674063439808585
4.2175423690399	-13.656906522002425
4.2228341411466	-13.639792603628806
4.2281259132533	-13.622721524140559
4.23341768536	-13.6056931229905
4.2387094574667	-13.58870723963145
4.2440012295734	-13.57176371351623
4.249293001680099	-13.554862389539938
4.2545847737867994	-13.538003107155397
4.2598765458935	-13.521185711257706
4.2651683180002005	-13.50441004674196
4.2704600901069005	-13.487675958503258
4.2757518622136	-13.470983291436703
4.2810436343203	-13.454331890437388
4.286335406427	-13.43772160312155
4.2916271785337	-13.42115227982657
4.2969189506404	-13.404623765447543
4.302210722747101	-13.388135913042982
4.3075024948538	-13.371688572950264
4.3127942669605	-13.355281592785627
4.3180860390672	-13.338914825607585
4.3233778111739	-13.322588124474649
4.3286695832806	-13.306301342445337
4.3339613553872995	-13.290054332578164
4.339253127494	-13.27384694793164
4.344544899600701	-13.257679047006558
4.349836671707401	-13.241550485582575
4.355128443814101	-13.2254611167182
4.3604202159208	-13.209410798914227
4.3657119880275	-13.193399390671447
4.3710037601342	-13.177426753211792
4.3762955322409	-13.16149274231491
4.3815873043476	-13.145597219202736
4.386879076454299	-13.1297400450972
4.392170848561	-13.11392108122023
4.3974626206677	-13.098140191514894
4.4027543927744	-13.082397234481984
4.4080461648811005	-13.066692074064571
4.4133379369878	-13.051024579648
4.4186297090945	-13.035394609733062
4.4239214812012	-13.019802030983966
4.4292132533079	-13.004246712786054
4.434505025414601	-12.988728519082398
4.4397967975213	-12.973247316537206
4.445088569628	-12.957802974535822
4.4503803417347	-12.942395359742454
4.4556721138414	-12.927024344263588
4.4609638859481	-12.911689797484568
4.466255658054799	-12.896391586069603
4.4715474301614995	-12.881129584846313
4.4768392022682	-12.865903663200049
4.4821309743749005	-12.850713693237294
4.4874227464816006	-12.83555954978567
4.492714518588301	-12.82044110495166
4.498006290695	-12.80535823356289
4.5032980628017	-12.790310807725845
4.5085898349084	-12.775298707710425
4.5138816070151	-12.760321802901974
4.5191733791218	-12.745379973570394
4.5244651512285	-12.730473097264449
4.5297569233352	-12.715601048811758
4.5350486954419	-12.700763708482224
4.5403404675486	-12.68596095382461
4.5456322396553	-12.671192665108816
4.550924011762	-12.656458719883599
4.5562157838687	-12.641758998418867
4.5615075559754	-12.627093386426793
4.566799328082101	-12.612461758735002
4.572091100188801	-12.597864003776811
4.5773828722955	-12.58329999910098
4.5826746444022	-12.568769627698549
4.5879664165089	-12.554272778002833
4.5932581886156	-12.539809330283736
4.5985499607223	-12.525379170253434
4.603841732828999	-12.510982180902964
4.6091335049357	-12.496618253386783
4.6144252770424	-12.482287267974792
4.6197170491491	-12.467989115821446
4.6250088212558005	-12.453723682638921
4.6303005933625	-12.439490854139398
4.6355923654692	-12.425290524198466
4.6408841375759	-12.41112257580717
4.6461759096826	-12.396986900119959
4.6514676817893	-12.38288338829129
4.656759453896001	-12.368811928754482
4.6620512260027	-12.354772415385128
4.6673429981094	-12.34076473661654
4.6726347702161	-12.326788786324316
4.6779265423228	-12.31284445566291
4.6832183144295	-12.298931635786778
4.6885100865361995	-12.28505022329265
4.6938018586429	-12.271200112056121
4.6990936307496005	-12.257381193231645
4.704385402856301	-12.243593360694817
4.709677174963001	-12.229836513763509
4.7149689470697	-12.216110549034449
4.7202607191764	-12.202415357662096
4.7255524912831	-12.188750838964317
4.7308442633898	-12.17511688953785
4.7361360354965	-12.161513405979422
4.7414278076032	-12.147940287606906
4.7467195797099	-12.134397433738174
4.7520113518166	-12.120884740969956
4.7573031239233	-12.107402111341264
4.76259489603	-12.093949441448828
4.7678866681367	-12.080526636052797
4.7731784402434	-12.067133589028764
4.7784702123501	-12.053770207858015
4.7837619844568	-12.040436391858425
4.789053756563501	-12.027132043069
4.7943455286702	-12.01385706352875
4.7996373007769	-12.000611355276684
4.8049290728836	-11.987394823072952
4.8102208449903	-11.974207368956563
4.815512617097	-11.961048900408803
4.820804389203699	-11.947919316747543
4.826096161310399	-11.934818528175207
4.8313879334171	-11.921746439451946
4.8366797055238	-11.908702952616768
4.8419714776305005	-11.89568797515096
4.847263249737201	-11.882701417256946
4.8525550218439	-11.869743183694876
4.8578467939506	-11.856813179224899
4.8631385660573	-11.843911314049437
4.868430338164	-11.83103749837092
4.873722110270701	-11.818191636949491
4.8790138823774	-11.805373642708718
4.8843056544841	-11.792583423129885
4.8895974265908	-11.779820885694281
4.8948891986975	-11.767085943325469
4.9001809708042	-11.754378508947012
4.9054727429108995	-11.741698487319061
4.9107645150176	-11.729045796807455
4.9160562871243	-11.716420342172341
4.921348059231001	-11.703822041779562
4.926639831337701	-11.691250803110407
4.9319316034444	-11.678706544530714
4.9372233755511	-11.66618917352177
4.9425151476578	-11.653698605728279
4.9478069197645	-11.64123475679494
4.9530986918712	-11.628797542366462
4.958390463977899	-11.616386869924128
4.9636822360846	-11.604002663276054
4.9689740081913	-11.591644832624672
4.974265780298	-11.579313296335817
4.9795575524047	-11.567007967333057
4.9848493245114	-11.55472876670337
4.9901410966181	-11.542475607370319
4.9954328687248	-11.530248410420887
5.0007246408315	-11.518047088778635
5.006016412938201	-11.505871563530546
5.011308185044901	-11.493721750321319
5.0165999571516	-11.481597572959076
5.0218917292583	-11.469498944367377
5.027183501365	-11.457425788354346
5.0324752734717	-11.44537802056468
5.0377670455784	-11.4333555648065
5.0430588176850994	-11.421358339445648
5.0483505897917995	-11.409386265569104
5.0536423618985005	-11.397439264263845
5.0589341340052005	-11.385517256616856
5.064225906111901	-11.37362016643625
5.0695176782186	-11.361747909366732
5.0748094503253	-11.3499004146587
5.080101222432	-11.33807760339913
5.0853929945387	-11.326279393953865
5.0906847666454	-11.3145057155733
5.0959765387521	-11.302756489344418
5.1012683108588	-11.291031636354194
5.1065600829655	-11.279331085853029
5.1118518550722	-11.267654758927899
5.1171436271789	-11.256002584829199
5.1224353992855995	-11.244374481922774
5.1277271713923	-11.232770379459017
5.133018943499	-11.221190203967188
5.138310715605701	-11.20963388197654
5.143602487712401	-11.198101334574057
5.1488942598191	-11.186592496452409
5.1541860319258	-11.175107288698577
5.1594778040325	-11.163645640562958
5.1647695761392	-11.152207478574807
5.1700613482459	-11.14079273198452
5.175353120352599	-11.129401327321357
5.180644892459299	-11.118033196556848
5.185936664566	-11.106688263499114
5.1912284366727	-11.095366460119688
5.1965202087794005	-11.08406771839011
5.2018119808861005	-11.072791962118488
5.2071037529928	-11.061539123276367
5.2123955250995	-11.050309136556413
5.2176872972062	-11.039101925766747
5.2229790693129	-11.027917425600043
5.228270841419601	-11.016755565306696
5.2335626135263	-11.005616276858238
5.238854385633	-10.994499492226208
5.2441461577397	-10.983405143382134
5.2494379298464	-10.972333165018696
5.2547297019531	-10.961283483665147
5.2600214740597995	-10.95025603401416
5.2653132461664995	-10.93925075347955
5.2706050182732005	-10.92826756859057
5.275896790379901	-10.917306416761035
5.281188562486601	-10.906367232683616
5.2864803345933	-10.895449948329846
5.2917721067	-10.8845544983924
5.2970638788067	-10.873680817563951
5.3023556509134	-10.862828840537173
5.3076474230201	-10.851998502004736
5.312939195126799	-10.841189739380455
5.3182309672335	-10.830402484635863
5.3235227393402	-10.819636677905908
5.3288145114469	-10.808892253883268
5.3341062835536	-10.798169144539473
5.3393980556603005	-10.787467292730613
5.344689827767	-10.776786633149362
5.3499815998737	-10.766127100488392
5.3552733719804	-10.755488634882653
5.360565144087101	-10.744871173745958
5.365856916193801	-10.734274654492118
5.3711486883005	-10.723699014534944
5.3764404604072	-10.713144191288249
5.3817322325139	-10.702610124886984
5.3870240046206	-10.692096755466094
5.3923157767273	-10.681604023160535
5.397607548833999	-10.67113185994184
5.4028993209407	-10.660680214108373
5.4081910930474	-10.65024902035281
5.4134828651541005	-10.639838218810098
5.4187746372608006	-10.629447752336327
5.4240664093675	-10.619077558345312
5.4293581814742	-10.608727582414275
5.4346499535809	-10.598397759235894
5.4399417256876	-10.588088034387393
5.4452334977943	-10.577798345282586
5.450525269901	-10.567528640219837
5.4558170420077	-10.55727885389182
5.4611088141144	-10.547048931875764
5.4664005862211	-10.536838817027755
5.4716923583278	-10.526648452203885
5.4769841304344995	-10.516477777539102
5.4822759025412	-10.506326735889495
5.4875676746479	-10.49619527283229
5.492859446754601	-10.48608333122358
5.498151218861301	-10.475990853919452
5.503442990968001	-10.465917786497133
5.5087347630747	-10.455864071812712
5.5140265351814	-10.445829652722278
5.5193183072881	-10.435814474803058
5.5246100793948	-10.425818486353418
5.5299018515015	-10.415841624787172
5.5351936236082	-10.405883841123822
5.5404853957149	-10.395945080940598
5.5457771678216	-10.386025284372447
5.5510689399283	-10.376124402438878
5.5563607120350005	-10.366242380717114
5.5616524841417	-10.356379162063247
5.5669442562484	-10.346534694775642
5.5722360283551	-10.336708924431525
5.5775278004618	-10.326901802050404
5.582819572568501	-10.317113267767226
5.5881113446752	-10.307343275322637
5.5934031167819	-10.297591767572726
5.5986948888886	-10.287858692815858
5.6039866609953	-10.278144002071537
5.609278433102	-10.26844764091699
5.614570205208699	-10.258769554929449
5.6198619773153995	-10.24910969784955
5.6251537494221004	-10.23946801253339
5.6304455215288005	-10.229844452721606
5.635737293635501	-10.220238966712568
5.6410290657422	-10.2106515000835
5.6463208378489	-10.201082003853912
5.6516126099556	-10.191530429043302
5.6569043820623	-10.181996723950043
5.662196154169	-10.172480839593634
5.667487926275701	-10.162982724272446
5.6727796983824	-10.153502331727118
5.6780714704891	-10.14403960753488
5.6833632425958	-10.134594505436375
5.6886550147025	-10.125166976451107
5.6939467868092	-10.115756968877443
5.6992385589159	-10.106364436456028
5.7045303310226	-10.096989330206364
5.7098221031293	-10.087631601147956
5.715113875236001	-10.078291203021449
5.720405647342701	-10.068968084125206
5.7256974194494	-10.059662198199876
5.7309891915561	-10.050373498986096
5.7362809636628	-10.041101934782237
5.7415727357695	-10.031847464771218
5.7468645078762	-10.022610034530265
5.752156279982899	-10.013389603242299
5.7574480520896	-10.004186119205688
5.7627398241963	-9.994999538882213
5.768031596303	-9.985829816012519
5.7733233684097005	-9.976676901616106
5.7786151405164	-9.967540749433622
5.7839069126231	-9.958421315926849
5.7891986847298	-9.949318554836426
5.7944904568365	-9.940232419903001
5.799782228943201	-9.931162862146078
5.8050740010499	-9.922109843469714
5.8103657731566	-9.913073314893415
5.8156575452633	-9.904053227436686
5.82094931737	-9.895049543003587
5.8262410894767	-9.886062215334759
5.8315328615833995	-9.877091195449708
5.8368246336900995	-9.868136445252494
5.8421164057968	-9.859197915762623
5.8474081779035005	-9.850275563441873
5.852699950010201	-9.841369347473169
5.857991722116901	-9.832479221597149
5.8632834942236	-9.8236051422756
5.8685752663303	-9.814747068691442
5.873867038437	-9.805904954585317
5.8791588105437	-9.797078756419005
5.8844505826504	-9.78826843337543
5.8897423547571	-9.779473941916374
5.8950341268638	-9.770695241224756
5.9003258989705	-9.76193228504122
5.9056176710772	-9.753185035269826
5.9109094431839	-9.744453445651216
5.9162012152906	-9.73573747536831
5.9214929873973	-9.72703708632517
5.926784759504	-9.718352229541297
5.932076531610701	-9.709682869641894
5.937368303717401	-9.701028965809876
5.9426600758241	-9.69239047178589
5.9479518479308	-9.683767346752857
5.9532436200375	-9.675159555335973
5.9585353921442	-9.666567051275882
5.9638271642509	-9.657989793755503
5.969118936357599	-9.649427747400038
5.9744107084642994	-9.640880865950127
5.979702480571	-9.632349114030967
5.9849942526777005	-9.623832448104343
5.9902860247844005	-9.615330830074315
5.9955777968911	-9.60684421640266
6.0008695689978	-9.59837257443572
6.0061613411045	-9.589915857914134
6.0114531132112	-9.581474031463104
6.0167448853179	-9.573047051544407
6.022036657424601	-9.564634885504384
6.0273284295313	-9.556237487083678
6.032620201638	-9.54785482362862
6.0379119737447	-9.539486851601
6.0432037458514	-9.531133535626012
6.0484955179581	-9.522794837607712
6.0537872900647995	-9.514470716729026
6.0590790621715	-9.506161134894011
6.064370834278201	-9.497866054006728
6.069662606384901	-9.489585438692373
6.074954378491601	-9.481319248133866
6.0802461505983	-9.473067449677544
6.085537922705	-9.464829999785191
6.0908296948117	-9.456606863082003
6.0961214669184	-9.448398001472038
6.1014132390251	-9.440203382301636
6.106705011131799	-9.432022962032578
6.1119967832385	-9.423856708011197
6.1172885553452	-9.415704582141556
6.1225803274519	-9.407566549048852
6.1278720995586005	-9.399442573358284
6.1331638716653	-9.391332614252768
6.138455643772	-9.383236636357507
6.1437474158787	-9.375154607018837
6.1490391879854	-9.367086488140814
6.154330960092101	-9.359032241627501
6.1596227321988	-9.350991837546369
6.1649145043055	-9.342965235080344
6.1702062764122	-9.334952398854618
6.1754980485189	-9.32695329893667
6.1807898206256	-9.318967891788281
6.186081592732299	-9.310996150198065
6.1913733648389995	-9.303038033348942
6.1966651369457	-9.29509350858725
6.2019569090524005	-9.287162540538183
6.207248681159101	-9.279245096548083
6.212540453265801	-9.271341141242143
6.2178322253725	-9.263450636524427
6.2231239974792	-9.255573552462405
6.2284157695859	-9.247709853681279
6.2337075416926	-9.239859507527383
6.2389993137993	-9.232022475904778
6.244291085906	-9.224198726159798
6.2495828580127	-9.216388228359921
6.2548746301194	-9.208590947130345
6.2601664022261	-9.200806844375125
6.2654581743328	-9.193035892882879
6.2707499464395	-9.185278057278806
6.2760417185462	-9.177533304909238
6.2813334906529	-9.169801600399374
6.286625262759601	-9.16208291109555
6.291917034866301	-9.154377207065247
6.297208806973	-9.146684452933656
6.3025005790797	-9.139004616047115
6.3077923511864	-9.131337666473103
6.3130841232931	-9.123683568836812
6.3183758953998	-9.116042293205721
6.323667667506499	-9.108413806926167
6.3289594396132	-9.100798074623345
6.3342512117199	-9.093195069085871
6.3395429838266	-9.08560475766008
6.3448347559333005	-9.078027104971172
6.3501265280400006	-9.07046208108662
6.3554183001467	-9.0629096560739
6.3607100722534	-9.055369800000488
6.3660018443601	-9.04784247477044
6.3712936164668	-9.040327655893512
6.376585388573501	-9.032825310716039
6.3818771606802	-9.025335403863219
6.3871689327869	-9.017857910844805
6.3924607048936	-9.010392796285993
6.3977524770003	-9.002940032975399
6.403044249107	-8.99549958553822
6.4083360212136995	-8.988071426763069
6.4136277933204	-8.980655526717422
6.4189195654271005	-8.973251852747616
6.424211337533801	-8.965860377642263
6.429503109640501	-8.9584810687477
6.4347948817472	-8.951113896131405
6.4400866538539	-8.94375883258199
6.4453784259606	-8.936415845445788
6.4506701980673	-8.929084904790278
6.455961970174	-8.921765983404072
6.4612537422807	-8.91445904863351
6.4665455143874	-8.907164073267202
6.4718372864941	-8.899881030093761
6.4771290586008	-8.89260988373839
6.4824208307075	-8.885350609710835
6.4877126028142	-8.878103180799714
6.4930043749209	-8.870867561630224
6.4982961470276	-8.86364372771212
6.5035879191343	-8.856431649112869
6.508879691241001	-8.849231298621094
6.514171463347701	-8.842042646304263
6.5194632354544	-8.834865664950994
6.5247550075611	-8.827700321907624
6.5300467796678	-8.820546595405041
6.5353385517745	-8.813404452789584
6.5406303238812	-8.806273866849864
6.545922095987899	-8.799154807653359
6.5512138680946	-8.792047253430958
6.5565056402013004	-8.784951168807861
6.5617974123080005	-8.777866532014958
6.567089184414701	-8.770793310398583
6.5723809565214	-8.763731479468492
6.5776727286281	-8.756681012013297
6.5829645007348	-8.749641880821612
6.5882562728415	-8.742614055960912
6.593548044948201	-8.735597510219812
6.5988398170549	-8.72859221910806
6.6041315891616	-8.721598155414277
6.6094233612683	-8.714615291927071
6.614715133375	-8.70764359871392
6.6200069054817	-8.700683051284576
6.6252986775883995	-8.693733625148788
6.6305904496951	-8.686795290374036
6.6358822218018	-8.67986801974893
6.641173993908501	-8.672951791504364
6.646465766015201	-8.666046575707812
6.6517575381219	-8.659152345147886
6.6570493102286	-8.652269075334342
6.6623410823353	-8.645396741776928
6.667632854442	-8.63853531726426
6.6729246265487	-8.631684771863815
6.678216398655399	-8.624845086527621
6.6835081707621	-8.618016228602013
6.6887999428688	-8.611198179039022
6.6940917149755	-8.604390907906122
6.6993834870822	-8.597594390713068
6.7046752591889005	-8.590808602969611
6.7099670312956	-8.584033514743224
6.7152588034023	-8.577269106985941
6.720550575509	-8.570515352486373
6.725842347615701	-8.563772224033132
6.731134119722401	-8.557039699857112
6.7364258918291	-8.550317752746926
6.7417176639358	-8.543606355491187
6.7470094360425	-8.536905489041928
6.7523012081492	-8.530215123466618
6.7575929802559	-8.523535236996151
6.7628847523625994	-8.516865805140283
6.7681765244692995	-8.510206800687621
6.7734682965760005	-8.503558201869062
6.7787600686827005	-8.496919984194356
6.784051840789401	-8.490292120452116
6.7893436128961	-8.483674588873232
6.7946353850028	-8.477067367688598
6.7999271571095	-8.470470426965687
6.8052189292162	-8.46388374765653
6.8105107013229	-8.45730730254974
6.8158024734296	-8.450741069876209
6.8210942455363	-8.444185025145687
6.826386017643	-8.437639146589067
6.8316777897497	-8.431103406994962
6.8369695618564	-8.424577784594264
6.8422613339630995	-8.418062257617862
6.8475531060698	-8.411556798854372
6.8528448781765	-8.405061389255822
6.858136650283201	-8.398576001610827
6.863428422389901	-8.392100616871417
6.868720194496601	-8.385635207826203
6.8740119666033	-8.379179752706078
6.87930373871	-8.372734229741933
6.8845955108167	-8.36629861444352
6.8898872829234	-8.35987288776287
6.8951790550301	-8.353457019767456
6.900470827136799	-8.347050996851587
6.9057625992435	-8.340654789082734
6.9110543713502	-8.334268374691794
6.9163461434569005	-8.327891734630791
6.9216379155636005	-8.321524847130622
6.9269296876703	-8.315167684979894
6.932221459777	-8.30882022913064
6.9375132318837	-8.302482455092616
6.9428050039904	-8.296154343817845
6.948096776097101	-8.28983587081608
6.9533885482038	-8.283527014318219
6.9586803203105	-8.277227755276284
6.9639720924172	-8.270938069200032
6.9692638645239	-8.264657934320352
6.9745556366306	-8.258387328868135
6.9798474087372995	-8.252126231074273
6.9851391808439995	-8.245874619169655
6.9904309529507005	-8.239632474106314
6.995722725057401	-8.233399771393998
7.001014497164101	-8.227176491984741
7.0063062692708	-8.220962611388291
7.0115980413775	-8.21475811327782
7.0168898134842	-8.20856297044194
7.0221815855909	-8.20237716655382
7.0274733576976	-8.196200677123212
7.032765129804299	-8.190033483102146
7.038056901911	-8.183875562721513
7.0433486740177	-8.17772689693334
7.0486404461244	-8.171587461247384
7.0539322182311	-8.16545723933681
7.0592239903378005	-8.159336206711371
7.0645157624445	-8.153224344323098
7.0698075345512	-8.14712163040288
7.0750993066579	-8.141028045902747
7.080391078764601	-8.13494357177473
7.085682850871301	-8.12886818352858
7.090974622978	-8.122801864837466
7.0962663950847	-8.116744591211141
7.1015581671914	-8.11069634632277
7.1068499392981	-8.10465710840325
7.1121417114048	-8.098626858404605
7.117433483511499	-8.092605574557728
7.1227252556182	-8.086593237814649
7.1280170277249	-8.080589829127396
7.1333087998316005	-8.074595324005726
7.1386005719383006	-8.068609708843939
7.143892344045	-8.06263296187293
7.1491841161517	-8.056665061323592
7.1544758882584	-8.050705990869089
7.1597676603651	-8.044755726019176
7.1650594324718	-8.038814253168159
7.1703512045785	-8.03288154782579
7.1756429766852	-8.026957593665237
7.1809347487919	-8.021042371638531
7.1862265208986	-8.015135859976562
7.1915182930053	-8.0092380423525
7.1968100651119995	-8.003348896997233
7.2021018372187	-7.9974684048627935
7.2073936093254	-7.991596546901209
7.212685381432101	-7.985733306785648
7.217977153538801	-7.979878665468142
7.223268925645501	-7.974032598458442
7.2285606977522	-7.9681950948719935
7.2338524698589	-7.962366130218549
7.2391442419656	-7.956545685450139
7.2444360140723	-7.950733746961068
7.249727786179	-7.944930290261089
7.2550195582857	-7.939135301744512
7.2603113303924	-7.933348759642225
7.2656031024991	-7.927570647627396
7.2708948746058	-7.921800943930918
7.2761866467125005	-7.916039634947096
7.2814784188192	-7.910286698906823
7.2867701909259	-7.904542119483265
7.2920619630326	-7.898805877628454
7.2973537351393	-7.893077954294418
7.302645507246001	-7.887358333154325
7.3079372793527	-7.881646992439068
7.3132290514594	-7.87594392126409
7.3185208235661	-7.870249095139145
7.3238125956728	-7.8645624977374
7.3291043677795	-7.858884115453164
7.334396139886199	-7.853213923796186
7.3396879119928995	-7.847551909160777
7.3449796840996004	-7.841898052498964
7.3502714562063005	-7.8362523374839155
7.355563228313001	-7.8306147477888
7.3608550004197	-7.824985261644509
7.3661467725264	-7.8193638627242095
7.3714385446331	-7.8137505374222105
7.3767303167398	-7.808145263969401
7.3820220888465	-7.802548028760089
7.387313860953201	-7.7969588100251634
7.3926056330599	-7.791377594158934
7.3978974051666	-7.78580436211343
7.4031891772733	-7.780239097561817
7.40848094938	-7.774681784177266
7.4137727214867	-7.769132405632944
7.4190644935934	-7.763590940159744
7.4243562657001	-7.758057376873107
7.4296480378068	-7.752531694003929
7.434939809913501	-7.747013877946514
7.440231582020201	-7.7415039096528915
7.4455233541269	-7.736001775517371
7.4508151262336	-7.730507456491979
7.4561068983403	-7.725020936249885
7.461398670447	-7.719542198464258
7.4666904425537	-7.714071224087126
7.471982214660399	-7.708608002233937
7.4772739867671	-7.703152511135579
7.4825657588738	-7.697704737186362
7.4878575309805	-7.692264664059452
7.4931493030872005	-7.686832272706878
7.4984410751939	-7.681407549522949
7.5037328473006	-7.675990478180833
7.5090246194073	-7.670581042353698
7.514316391514	-7.665179222993571
7.519608163620701	-7.659785009215901
7.524899935727401	-7.654398381972716
7.5301917078341	-7.649019324937186
7.5354834799408	-7.643647821782477
7.5407752520475	-7.638283858902897
7.5460670241542	-7.632927417250475
7.5513587962609	-7.627578485940656
7.5566505683675995	-7.6222370432043345
7.5619423404743	-7.61690307815695
7.5672341125810005	-7.611576571750539
7.572525884687701	-7.606257510379402
7.577817656794401	-7.600945877716713
7.5831094289011	-7.595641660156773
7.5884012010078	-7.590344838651617
7.5936929731145	-7.585055399595548
7.5989847452212	-7.579773326661736
7.6042765173279	-7.574498606244489
7.6095682894346	-7.569231222016973
7.6148600615413	-7.563971160373495
7.620151833648	-7.558718402266087
7.6254436057547	-7.5534729340890525
7.6307353778614	-7.548234742236702
7.6360271499681	-7.543003810382201
7.6413189220748	-7.537780122198718
7.6466106941815	-7.5325636668017
7.651902466288201	-7.527354425143176
7.657194238394901	-7.522152383617453
7.6624860105016	-7.516957525897698
7.6677777826083	-7.511769841099357
7.673069554715	-7.506589310174461
7.6783613268217	-7.501415919517316
7.6836530989284	-7.496249655522229
7.688944871035099	-7.491090501862368
7.6942366431417994	-7.485938444932039
7.6995284152485	-7.480793468404412
7.7048201873552005	-7.475655561394933
7.7101119594619005	-7.470524707576767
7.715403731568601	-7.465400890623085
7.7206955036753	-7.460284096928192
7.725987275782	-7.455174312886397
7.7312790478887	-7.450071524892006
7.7365708199954	-7.444975716618186
7.741862592102101	-7.439886874459246
7.7471543642088	-7.434804984809491
7.7524461363155	-7.429730034063231
7.7577379084222	-7.424662003172491
7.7630296805289	-7.419600883973858
7.7683214526356	-7.4145466601405
7.7736132247422995	-7.4094993180667235
7.778904996849	-7.404458841425696
7.784196768955701	-7.399425219332866
7.789488541062401	-7.3943984354613965
7.794780313169101	-7.389378478926739
7.8000720852758	-7.384365330680919
7.8053638573825	-7.379358982560522
7.8106556294892	-7.374359415517577
7.8159474015959	-7.36936662138867
7.8212391737026	-7.364380581125828
7.826530945809299	-7.359401283844498
7.831822717916	-7.354428715938988
7.8371144900227	-7.349462861082462
7.8424062621294	-7.344503711111509
7.8476980342361005	-7.339551246978156
7.8529898063428	-7.33460545779785
7.8582815784495	-7.329666329964898
7.8635733505562	-7.324733847152465
7.8688651226629	-7.319808001197138
7.874156894769601	-7.314888775772085
7.879448666876301	-7.3099761572716115
7.884740438983	-7.305070132090026
7.8900322110897	-7.3001706893427745
7.8953239831964	-7.295277812703024
7.9006157553031	-7.290391491286219
7.9059075274098	-7.285511711486667
7.9111992995164995	-7.280638459698677
7.9164910716232	-7.275771722316553
7.9217828437299005	-7.270911488455742
7.927074615836601	-7.266057741789414
7.932366387943301	-7.26121047143301
7.93765816005	-7.256369666501979
7.9429499321567	-7.251535307948351
7.9482417042634	-7.246707390329845
7.9535334763701	-7.241885894598495
7.9588252484768	-7.237070809869744
7.9641170205835	-7.232262125259037
7.9694087926902	-7.227459827160684
7.9747005647969	-7.222663901968987
7.9799923369036	-7.217874336078258
7.9852841090103	-7.2130911186039395
7.990575881117	-7.208314238661477
7.9958676532237	-7.20354367992404
8.0011594253304	-7.198779431507074
8.0064511974371	-7.194021479804886
8.0117429695438	-7.189269813932919
8.0170347416505	-7.184524420285482
8.0223265137572	-7.179785287978021
8.0276182858639	-7.17505240612598
8.0329100579706	-7.17032575568139
8.0382018300773	-7.165605331201972
8.043493602184	-7.160891116360896
8.0487853742907	-7.1561831029947465
8.0540771463974	-7.151481274776689
8.0593689185041	-7.146785618101033
8.0646606906108	-7.142096127525499
8.0699524627175	-7.137412786723259
8.0752442348242	-7.132735582088616
8.0805360069309	-7.1280645054581555
8.085827779037599	-7.123399540505047
8.091119551144299	-7.118740679065871
8.096411323251	-7.114087907534938
8.101703095357701	-7.109441215027694
8.106994867464401	-7.104800585217304
8.1122866395711	-7.100166012661492
8.1175784116778	-7.095537483754568
8.1228701837845	-7.0909149821696955
8.1281619558912	-7.086298502464599
8.1334537279979	-7.081688028312447
8.138745500104601	-7.077083548828686
8.1440372722113	-7.072485053128759
8.149329044318	-7.067892530328113
8.1546208164247	-7.063305969542195
8.1599125885314	-7.05872535444417
8.1652043606381	-7.054150679591764
8.1704961327448	-7.049581928658142
8.1757879048515	-7.045019093479891
8.1810796769582	-7.040462160451317
8.1863714490649	-7.0359111159667265
8.1916632211716	-7.031365954583843
8.1969549932783	-7.026826659975833
8.202246765385	-7.022293223979282
8.2075385374917	-7.017765632988498
8.2128303095984	-7.013243878840061
8.2181220817051	-7.008727945207145
8.223413853811799	-7.0042178239263295
8.2287056259185	-6.999713504113062
8.2339973980252	-6.995214972161649
8.2392891701319	-6.990722219908674
8.244580942238601	-6.986235236469584
8.2498727143453	-6.981754008238684
8.255164486452	-6.977278524331421
8.2604562585587	-6.97280877658438
8.2657480306654	-6.968344748670727
8.271039802772101	-6.963886435148185
8.2763315748788	-6.959433822411062
8.2816233469855	-6.954986899574803
8.2869151190922	-6.950545655754853
8.2922068911989	-6.946110082787798
8.2974986633056	-6.941680164346804
8.3027904354123	-6.937255894989595
8.308082207519	-6.932837261110477
8.3133739796257	-6.928424251824897
8.3186657517324	-6.924016856248298
8.3239575238391	-6.9196150662172675
8.3292492959458	-6.91521886812611
8.3345410680525	-6.91082825381141
8.3398328401592	-6.906443209667473
8.3451246122659	-6.902063727530886
8.3504163843726	-6.897689796517094
8.3557081564793	-6.893321405741541
8.360999928586	-6.8889585443196735
8.3662917006927	-6.884601201366936
8.3715834727994	-6.880249365998775
8.3768752449061	-6.875903030051774
8.3821670170128	-6.871562182641379
8.3874587891195	-6.867226812883036
8.3927505612262	-6.862896909892189
8.3980423333329	-6.8585724627842835
8.403334105439601	-6.8542534633959065
8.408625877546301	-6.849939898121362
8.413917649653	-6.845631758797234
8.4192094217597	-6.841329037260109
8.4245011938664	-6.837031719904292
8.4297929659731	-6.832739798566367
8.4350847380798	-6.82845326236178
8.4403765101865	-6.824172100405977
8.4456682822932	-6.819896301814403
8.4509600543999	-6.815625861144782
8.4562518265066	-6.811360762070279
8.4615435986133	-6.807100999148621
8.46683537072	-6.80284656149525