-50.066415701646676
-12.52071287645476
-12.509702896355087
-12.509702896334177
-12.509702896319222
-5.562905614944835
-5.559657989476265
-5.5596579894546
-5.559657989440009
-5.557034685560634
-5.557034685552736
-5.557034685551745
-5.55703468555024
-5.557034685540667
-3.128353133171022
-3.126988157724527
-3.1269881577167182
-3.126988157711392
-3.12588360647776
-3.125883606463734
-3.125883606453962
-3.1258836064526685
-3.125883606450116
-3.1254085981025237
-3.1254085980933763
-3.1254085980898862
-3.1254085980879984
-3.1254085980809285
-3.1254085980796633
-3.1254085980786637
-2.0017925284324973
-2.0010962649561628
-2.0010962649519297
-2.0010962649449864
-2.00053193322083
-2.000531933210876
-2.000531933209993
-2.0005319332098583
-2.000531933205472
-2.000288992816113
-2.0002889928131564
-2.0002889928074787
-2.000288992805068
-2.0002889928044993
-2.0002889928043084
-2.000288992803497
-2.0001538351533026
-2.000153835151959
-2.0001538351491477
-2.0001538351473838
-2.000153835142527
-2.000153835139806
-2.000153835139596
-2.0001538351357957
-2.0001538351353934
-1.3899535620076513
-1.3895527480696535
-1.389552748068625
-1.3895527480681906
-1.389227176734677
-1.3892271767341606
-1.38922717673073
-1.3892271767286568
-1.389227176723532
-1.3890868262504492
-1.3890868262329967
-1.3890868262327138
-1.3890868262269567
-1.3890868262260965
-1.3890868262257516
-1.3890868262076301
-1.389008690493237
-1.389008690490272
-1.3890086904887577
-1.3890086904872654
-1.3890086904860979
-1.389008690485482
-1.3890086904843757
-1.3890086904818384
-1.3890086904785646
-1.3889589208637463
-1.3889589208622797
-1.3889589208587554
-1.3889589208512962
-1.3889589208506927
-1.3889589208490694
-1.3889589208487543
-1.3889589208470603
-1.3889589208451085
-1.3889589208444595
-1.3889589208428872