0	0.2	0.2
1	0.20021917808219178	0.2144348817247463
2	0.20043835616438357	0.19746741544037671
3	0.20065753424657534	0.18739639515714496
4	0.20087671232876714	0.21217253822527915
5	0.2010958904109589	0.20470719883595576
6	0.2013150684931507	0.2832008865466176
7	0.20153424657534247	0.20298281708988072
8	0.20175342465753426	0.16648022205336116
9	0.20197260273972603	0.21727663166429234
10	0.20219178082191783	0.19228631115973388
11	0.2024109589041096	0.2331513990399634
12	0.2026301369863014	0.2560510741315988
13	0.20284931506849316	0.16355810613450322
14	0.20306849315068495	0.19943602206326008
15	0.20328767123287672	0.18092398280084065
16	0.20350684931506852	0.18395758712624175
17	0.20372602739726028	0.27314975526284413
18	0.20394520547945205	0.226173745078822
19	0.20416438356164385	0.2211566005254918
20	0.20438356164383562	0.2635471570239695
21	0.2046027397260274	0.27167741189271877
22	0.20482191780821918	0.2604162465224508
23	0.20504109589041097	0.21495022249427553
24	0.20526027397260274	0.19752328155082002
25	0.20547945205479454	0.22787799792914282
26	0.2056986301369863	0.2863269722142436
27	0.2059178082191781	0.14421014590917908
28	0.20613698630136987	0.28824489358151073
29	0.20635616438356166	0.22123977144353651
30	0.20657534246575343	0.13243865847316622
31	0.20679452054794523	0.15785946545993462
32	0.207013698630137	0.2905635508874699
33	0.2072328767123288	0.1792235423519708
34	0.20745205479452056	0.2936332510770343
35	0.20767123287671235	0.16689816828407522
36	0.20789041095890412	0.15790249603237744
37	0.2081095890410959	0.1153062875021584
38	0.20832876712328768	0.2007743921647438
39	0.20854794520547945	0.24288367786140896
40	0.20876712328767125	0.2147699623557086
41	0.20898630136986301	0.22593050333505507
42	0.2092054794520548	0.16547690045339128
43	0.20942465753424658	0.21395085899638397
44	0.20964383561643837	0.21419080596219056
45	0.20986301369863014	0.11429733378708741
46	0.21008219178082194	0.20680282493858093
47	0.2103013698630137	0.13310304961983577
48	0.2105205479452055	0.1938622273654969
49	0.21073972602739727	0.12313298358147957
50	0.21095890410958906	0.16852953963761774
51	0.21117808219178083	0.2168263729078596
52	0.21139726027397263	0.14832395413551644
53	0.2116164383561644	0.19460219992131655
54	0.2118356164383562	0.17622933447179212
55	0.21205479452054796	0.27498614772650776
56	0.21227397260273972	0.2317426803813105
57	0.21249315068493152	0.1717317195471897
58	0.2127123287671233	0.29828279911229794
59	0.21293150684931508	0.29892248616013684
60	0.21315068493150685	0.28206426743350554
61	0.21336986301369865	0.19183310431883338
62	0.21358904109589041	0.19281543244845956
63	0.2138082191780822	0.25446742956121743
64	0.21402739726027398	0.20489504701058378
65	0.21424657534246577	0.23962076818670552
66	0.21446575342465754	0.25349826586778096
67	0.21468493150684934	0.21683196774886626
68	0.2149041095890411	0.24857797481188432
69	0.2151232876712329	0.21434920478351993
70	0.21534246575342467	0.22189911616017527
71	0.21556164383561643	0.10031030495533029
72	0.21578082191780823	0.16881284640939395
73	0.21600000000000003	0.316059331051344
74	0.2162191780821918	0.21733883937490306
75	0.21643835616438356	0.21513641537942907
76	0.21665753424657536	0.17268198015513628
77	0.21687671232876712	0.269113419944086
78	0.21709589041095892	0.20645468830051156
79	0.2173150684931507	0.17102014500489388
80	0.21753424657534248	0.2406307510974866
81	0.21775342465753425	0.15324249718743124
82	0.21797260273972605	0.2502131392327429
83	0.2181917808219178	0.20121808767028476
84	0.2184109589041096	0.2641100778076225
85	0.21863013698630138	0.16827097275841602
86	0.21884931506849317	0.2574125720319843
87	0.21906849315068494	0.2626442651830242
88	0.21928767123287674	0.2179879281710721
89	0.2195068493150685	0.26539805965274477
90	0.21972602739726027	0.27263520149882775
91	0.21994520547945207	0.27389191968892096
92	0.22016438356164386	0.20625383991295193
93	0.22038356164383563	0.16234484788300052
94	0.2206027397260274	0.18598144076409673
95	0.2208219178082192	0.22309248194170667
96	0.221041095890411	0.16868201059656598
97	0.22126027397260276	0.21550034793682318
98	0.22147945205479452	0.21491723320073786
99	0.22169863013698632	0.13981606798549556
100	0.2219178082191781	0.20929955126975158
101	0.22213698630136988	0.2693753648376849
102	0.22235616438356165	0.2487743694493732
103	0.22257534246575345	0.2408821697908874
104	0.2227945205479452	0.16201383391849178
105	0.223013698630137	0.14534018272723487
106	0.22323287671232878	0.1918959372541072
107	0.22345205479452057	0.24416079778134314
108	0.22367123287671234	0.18490086334168654
109	0.2238904109589041	0.3059891418217768
110	0.2241095890410959	0.30097404426420393
111	0.2243287671232877	0.19142550766125987
112	0.22454794520547947	0.15931771199058425
113	0.22476712328767123	0.26291389452812186
114	0.22498630136986303	0.13332565296326243
115	0.22520547945205482	0.22639995102352808
116	0.2254246575342466	0.2601538858456917
117	0.22564383561643836	0.19574543495646074
118	0.22586301369863016	0.18475265741710994
119	0.22608219178082192	0.22089003429007534
120	0.22630136986301372	0.2737722357243488
121	0.22652054794520549	0.2023300474599818
122	0.22673972602739728	0.13947569541501031
123	0.22695890410958905	0.24249709136132402
124	0.22717808219178084	0.23994520605363284
125	0.2273972602739726	0.3066410317652787
126	0.2276164383561644	0.16906934457521633
127	0.22783561643835618	0.2301368401386839
128	0.22805479452054794	0.22878296387163827
129	0.22827397260273974	0.2225423104328134
130	0.22849315068493153	0.2141392698885689
131	0.2287123287671233	0.28716550064487856
132	0.22893150684931507	0.25975277473828795
133	0.22915068493150687	0.209416848144289
134	0.22936986301369866	0.22990616031662842
135	0.22958904109589043	0.23178202755174462
136	0.2298082191780822	0.21195554117273688
137	0.230027397260274	0.24386443506638855
138	0.23024657534246576	0.1989436336951164
139	0.23046575342465755	0.23877073559592032
140	0.23068493150684932	0.19978457937997215
141	0.23090410958904112	0.21314175091680443
142	0.23112328767123289	0.2916514794892793
143	0.23134246575342468	0.23625499443987588
144	0.23156164383561645	0.2948984362001701
145	0.23178082191780824	0.27861804115563754
146	0.232	0.23173575278362876
147	0.23221917808219178	0.25672043140852574
148	0.23243835616438357	0.2534693819913343
149	0.23265753424657537	0.22320020099323723
150	0.23287671232876714	0.2224712542923657
151	0.2330958904109589	0.18409454229490219
152	0.2333150684931507	0.26285229798985577
153	0.23353424657534247	0.20591234341833672
154	0.23375342465753426	0.12563186389874825
155	0.23397260273972603	0.2320131238032026
156	0.23419178082191783	0.2640817361637972
157	0.2344109589041096	0.20770416302327843
158	0.2346301369863014	0.25661627520758334
159	0.23484931506849316	0.2506866297328847
160	0.23506849315068495	0.15447482997434436
161	0.23528767123287672	0.28815941784646326
162	0.23550684931506852	0.33794804715075627
163	0.23572602739726028	0.27274841520665805
164	0.23594520547945208	0.29450446692338494
165	0.23616438356164385	0.23020643792208434
166	0.23638356164383562	0.23668401302216374
167	0.2366027397260274	0.18205077276679354
168	0.2368219178082192	0.15843367756244423
169	0.23704109589041097	0.3255573658940769
170	0.23726027397260274	0.21355410338425723
171	0.23747945205479454	0.20184081830607964
172	0.2376986301369863	0.19209494589999432
173	0.2379178082191781	0.31006846168996904
174	0.23813698630136987	0.18822064849437725
175	0.23835616438356166	0.2240884700783646
176	0.23857534246575343	0.1886016575409408
177	0.23879452054794523	0.3044768872934525
178	0.239013698630137	0.296295300943775
179	0.2392328767123288	0.2828050155564991
180	0.23945205479452056	0.2253117459990311
181	0.23967123287671235	0.24381913290009127
182	0.23989041095890412	0.20737412440905129
183	0.24010958904109592	0.2421843714311219
184	0.24032876712328768	0.195005915998258
185	0.24054794520547945	0.24288247346600278
186	0.24076712328767125	0.06335069900758811
187	0.24098630136986304	0.20813972466738415
188	0.2412054794520548	0.28797289225562067
189	0.24142465753424658	0.1668051041176435
190	0.24164383561643837	0.2170896117030079
191	0.24186301369863014	0.1458652565750378
192	0.24208219178082194	0.2669119738759872
193	0.2423013698630137	0.25263884535884595
194	0.2425205479452055	0.3270534417621515
195	0.24273972602739727	0.3566643729021973
196	0.24295890410958906	0.2618247596709625
197	0.24317808219178083	0.18151224187606252
198	0.24339726027397263	0.2419488264540781
199	0.2436164383561644	0.14495619154649114
200	0.24383561643835616	0.2324174283014521
201	0.24405479452054796	0.3114971544443469
202	0.24427397260273975	0.3078285494081825
203	0.24449315068493152	0.3245350270885443
204	0.2447123287671233	0.2993459966293817
205	0.24493150684931508	0.24701389931017603
206	0.24515068493150688	0.29009777749827986
207	0.24536986301369865	0.24810128927065755
208	0.24558904109589041	0.2728432493727812
209	0.2458082191780822	0.2256989407975714
210	0.24602739726027398	0.24284902763691954
211	0.24624657534246577	0.18880455283164338
212	0.24646575342465754	0.1892571429050618
213	0.24668493150684934	0.259485820513878
214	0.2469041095890411	0.3113926947241162
215	0.2471232876712329	0.2405544417196577
216	0.24734246575342467	0.20682723950131665
217	0.24756164383561646	0.21449560987836147
218	0.24778082191780823	0.2698167180279731
219	0.248	0.2603479384310648
220	0.2482191780821918	0.24430979118799262
221	0.2484383561643836	0.22484868717487502
222	0.24865753424657536	0.299611729084041
223	0.24887671232876712	0.19966553806368065
224	0.24909589041095892	0.271297826482854
225	0.2493150684931507	0.20072241362539447
226	0.24953424657534248	0.20178767722269925
227	0.24975342465753425	0.25433806616525245
228	0.24997260273972605	0.21125876186731157
229	0.25019178082191784	0.16609655791141942
230	0.2504109589041096	0.21855760326460077
231	0.2506301369863014	0.2336410481663329
232	0.2508493150684932	0.19828483831163435
233	0.25106849315068497	0.15206137488950972
234	0.2512876712328767	0.3156030886846838
235	0.2515068493150685	0.27821648250202735
236	0.2517260273972603	0.17721243002003328
237	0.2519452054794521	0.19744229179015274
238	0.25216438356164383	0.2605109072367264
239	0.25238356164383563	0.34388193647195114
240	0.2526027397260274	0.26156346887406773
241	0.25282191780821917	0.25918834028387266
242	0.25304109589041096	0.2755310480133317
243	0.25326027397260276	0.33234786930548355
244	0.25347945205479455	0.33954376392585317
245	0.25369863013698635	0.25789215079508865
246	0.2539178082191781	0.23106547815650966
247	0.2541369863013699	0.2982418923222299
248	0.2543561643835617	0.24305541245908835
249	0.2545753424657534	0.23631276081392663
250	0.2547945205479452	0.2719712119315162
251	0.255013698630137	0.27509964547728966
252	0.2552328767123288	0.3053297164291756
253	0.25545205479452054	0.21066559049600847
254	0.25567123287671234	0.24630176716346985
255	0.25589041095890414	0.33748083864275624
256	0.25610958904109593	0.29312585652335515
257	0.25632876712328767	0.24860468874877195
258	0.25654794520547947	0.20933892495978673
259	0.25676712328767126	0.22301933407369684
260	0.256986301369863	0.3449207496878466
261	0.2572054794520548	0.26805202967449115
262	0.2574246575342466	0.2323277548849776
263	0.2576438356164384	0.357767233860778
264	0.2578630136986302	0.35011006288584934
265	0.2580821917808219	0.2950032263095431
266	0.2583013698630137	0.19662034551616586
267	0.2585205479452055	0.32063013134602325
268	0.25873972602739725	0.28236573607242216
269	0.25895890410958905	0.22758108624124238
270	0.25917808219178085	0.31222201463583166
271	0.25939726027397264	0.29346142885770643
272	0.2596164383561644	0.207653986429437
273	0.2598356164383562	0.2648058535919245
274	0.26005479452054797	0.22363656840244917
275	0.26027397260273977	0.14030443270927329
276	0.2604931506849315	0.30992483332404835
277	0.2607123287671233	0.31197795323888705
278	0.2609315068493151	0.27995236705375265
279	0.26115068493150684	0.34947430877302554
280	0.26136986301369863	0.2656821475916896
281	0.26158904109589043	0.2485249810175311
282	0.2618082191780822	0.32654294626043073
283	0.262027397260274	0.2507385064516285
284	0.26224657534246576	0.2939348993477689
285	0.26246575342465756	0.29312691320373646
286	0.26268493150684935	0.17865793958665427
287	0.2629041095890411	0.31043962774630013
288	0.2631232876712329	0.2364354826165428
289	0.2633424657534247	0.23989228573867358
290	0.2635616438356165	0.31972773882607053
291	0.2637808219178082	0.14521383382402328
292	0.264	0.32729038256116716
293	0.2642191780821918	0.27120421879007434
294	0.2644383561643836	0.30778632311478915
295	0.26465753424657534	0.18467877880624195
296	0.26487671232876714	0.373073712161485
297	0.26509589041095893	0.20932098383237902
298	0.2653150684931507	0.3419713790740996
299	0.26553424657534247	0.2938841347585176
300	0.26575342465753427	0.2740897794503861
301	0.26597260273972606	0.3365661995428859
302	0.26619178082191786	0.3068138499267732
303	0.2664109589041096	0.2486929896005327
304	0.2666301369863014	0.23493736437723975
305	0.2668493150684932	0.2709044434606429
306	0.2670684931506849	0.26439805463005966
307	0.2672876712328767	0.3080849802652183
308	0.2675068493150685	0.35811014740134317
309	0.26772602739726026	0.20909794124290787
310	0.26794520547945205	0.4030414543574087
311	0.26816438356164385	0.14538406456587927
312	0.26838356164383564	0.30611154221606046
313	0.26860273972602744	0.3430069585445849
314	0.2688219178082192	0.2584892175470851
315	0.269041095890411	0.2225623286144302
316	0.26926027397260277	0.26072680004757764
317	0.2694794520547945	0.2645881650861918
318	0.2696986301369863	0.1886853485571675
319	0.2699178082191781	0.29462554117212625
320	0.2701369863013699	0.3132136568449642
321	0.2703561643835617	0.2405950031664353
322	0.27057534246575343	0.28673282437992337
323	0.2707945205479452	0.23645226173588402
324	0.271013698630137	0.25956942484949236
325	0.27123287671232876	0.3189932307698384
326	0.27145205479452056	0.25702813016178355
327	0.27167123287671235	0.20398710142117327
328	0.2718904109589041	0.26839635694258807
329	0.2721095890410959	0.24616935991287534
330	0.2723287671232877	0.27050098682859847
331	0.2725479452054795	0.32509622851632247
332	0.2727671232876713	0.27573654742702874
333	0.272986301369863	0.3407219998829645
334	0.2732054794520548	0.23228412085297404
335	0.2734246575342466	0.28117380465860053
336	0.27364383561643835	0.35223201845130814
337	0.27386301369863014	0.2741970079389108
338	0.27408219178082194	0.2641756557144052
339	0.27430136986301373	0.1709050213976235
340	0.27452054794520553	0.29775483950402726
341	0.27473972602739727	0.24888898697091474
342	0.27495890410958906	0.27942640763677423
343	0.27517808219178086	0.30229115238677173
344	0.2753972602739726	0.3062863123088361
345	0.2756164383561644	0.2528815929269352
346	0.2758356164383562	0.2264578022703334
347	0.27605479452054793	0.26984679366392733
348	0.2762739726027397	0.35311389412807376
349	0.2764931506849315	0.32025533197766226
350	0.2767123287671233	0.2994425566319887
351	0.2769315068493151	0.2791874744270868
352	0.27715068493150685	0.267441474286555
353	0.27736986301369865	0.3838596177584974
354	0.27758904109589044	0.3432715168118372
355	0.2778082191780822	0.2742238784395191
356	0.278027397260274	0.3161621367655879
357	0.2782465753424658	0.22038903400626608
358	0.27846575342465757	0.3321224425871917
359	0.27868493150684936	0.253209291787334
360	0.2789041095890411	0.2938841074166228
361	0.2791232876712329	0.28312677822678933
362	0.2793424657534247	0.3116113726319004
363	0.27956164383561644	0.21438368403281902
364	0.27978082191780823	0.3021982362758142
365	0.28	0.29941690792047887
366	0.28021917808219177	0.19486336498164225
367	0.28043835616438356	0.2851580969444111
368	0.28065753424657536	0.30856491014641113
369	0.28087671232876715	0.2503051140756491
370	0.28109589041095895	0.268022786656975
371	0.2813150684931507	0.27374474265762405
372	0.2815342465753425	0.23996881246904017
373	0.2817534246575343	0.15821503048193217
374	0.281972602739726	0.3408984932795982
375	0.2821917808219178	0.27707690246489075
376	0.2824109589041096	0.2358647310897127
377	0.2826301369863014	0.34157950199768683
378	0.28284931506849315	0.3062373605764762
379	0.28306849315068494	0.24177469064630364
380	0.28328767123287674	0.23667725897137568
381	0.28350684931506853	0.23814560314706054
382	0.28372602739726027	0.2975901297873664
383	0.28394520547945207	0.3003517793998287
384	0.28416438356164386	0.368778582390096
385	0.2843835616438356	0.20689407775043392
386	0.2846027397260274	0.2774904810195622
387	0.2848219178082192	0.3373485997818542
388	0.285041095890411	0.29118214369339385
389	0.2852602739726028	0.2888109908108181
390	0.2854794520547945	0.3338705753158557
391	0.2856986301369863	0.3055924318000401
392	0.2859178082191781	0.3344098920938853
393	0.28613698630136986	0.28189421249986496
394	0.28635616438356165	0.22341955481031617
395	0.28657534246575345	0.269708274725204
396	0.28679452054794524	0.28173288355245263
397	0.287013698630137	0.22148770643225435
398	0.2872328767123288	0.2850990244063289
399	0.2874520547945206	0.2997254856608477
400	0.28767123287671237	0.2802333787423335
401	0.2878904109589041	0.30031040564401945
402	0.2881095890410959	0.3965283482787435
403	0.2883287671232877	0.3399285750757056
404	0.28854794520547944	0.3204600588252723
405	0.28876712328767123	0.25479802974020943
406	0.28898630136986303	0.2639832454871691
407	0.2892054794520548	0.2681301507270067
408	0.2894246575342466	0.2946641762791541
409	0.28964383561643836	0.3413685105422629
410	0.28986301369863016	0.3611010253640792
411	0.29008219178082195	0.21658479550126208
412	0.2903013698630137	0.29692088549643325
413	0.2905205479452055	0.3042730347437067
414	0.2907397260273973	0.2263583843877672
415	0.2909589041095891	0.20719087938946112
416	0.2911780821917808	0.3200783520679061
417	0.2913972602739726	0.3881592740372687
418	0.2916164383561644	0.26240723291708123
419	0.2918356164383562	0.29056674711381375
420	0.29205479452054794	0.31129295914173866
421	0.29227397260273974	0.2755891073732902
422	0.29249315068493154	0.315148223324844
423	0.2927123287671233	0.2476225367806133
424	0.29293150684931507	0.29561313474656353
425	0.29315068493150687	0.2258051129387753
426	0.29336986301369866	0.22183778540567312
427	0.29358904109589046	0.23045505624171803
428	0.2938082191780822	0.3844149387188456
429	0.294027397260274	0.25410648093778043
430	0.2942465753424658	0.28046138154454087
431	0.29446575342465753	0.33787827265402437
432	0.2946849315068493	0.24293547495110174
433	0.2949041095890411	0.29761414748153836
434	0.2951232876712329	0.31387470964590614
435	0.29534246575342465	0.3353245679584399
436	0.29556164383561645	0.32837757679550034
437	0.29578082191780825	0.37189787297913923
438	0.29600000000000004	0.2521782392417953
439	0.2962191780821918	0.24086760022466158
440	0.2964383561643836	0.332753077432868
441	0.29665753424657537	0.2849865375644489
442	0.2968767123287671	0.27265485639173936
443	0.2970958904109589	0.4072199978566369
444	0.2973150684931507	0.28948582828084163
445	0.2975342465753425	0.3050105832636733
446	0.2977534246575343	0.25732205652483076
447	0.29797260273972603	0.36071259106633846
448	0.29819178082191783	0.2769513881081393
449	0.2984109589041096	0.3181272390716442
450	0.29863013698630136	0.24287747066942783
451	0.29884931506849316	0.33039435081685875
452	0.29906849315068496	0.29098673114317636
453	0.29928767123287675	0.26970495073293116
454	0.2995068493150685	0.32847120356678305
455	0.2997260273972603	0.32060151415929905
456	0.2999452054794521	0.28739652973980434
457	0.3001643835616439	0.36965771666626673
458	0.3003835616438356	0.2806564618690266
459	0.3006027397260274	0.22704760770467963
460	0.3008219178082192	0.3860555767354812
461	0.30104109589041095	0.22716843497742445
462	0.30126027397260274	0.23265516946429154
463	0.30147945205479454	0.2788783544145498
464	0.30169863013698633	0.3639227562510569
465	0.30191780821917813	0.3575848045326573
466	0.30213698630136987	0.32173162361584023
467	0.30235616438356167	0.2955104098507479
468	0.30257534246575346	0.34891849166713884
469	0.3027945205479452	0.2897555368656485
470	0.303013698630137	0.3303511373051279
471	0.3032328767123288	0.3890591781982444
472	0.3034520547945206	0.3828082416786227
473	0.3036712328767124	0.3009941494210544
474	0.3038904109589041	0.22141468762926947
475	0.3041095890410959	0.2824729711557633
476	0.3043287671232877	0.3071045893969573
477	0.30454794520547945	0.29540883271697604
478	0.30476712328767125	0.3223519424282538
479	0.30498630136986304	0.2870972682314039
480	0.3052054794520548	0.275684176031002
481	0.3054246575342466	0.31099460315735467
482	0.3056438356164384	0.4241878167337868
483	0.30586301369863017	0.3397254426160135
484	0.30608219178082197	0.338371767130967
485	0.3063013698630137	0.34597837719797325
486	0.3065205479452055	0.33894841539640647
487	0.3067397260273973	0.25098406551079927
488	0.30695890410958904	0.3396637358340399
489	0.30717808219178083	0.30927412552850586
490	0.30739726027397263	0.31684369939841206
491	0.3076164383561644	0.3857780674380284
492	0.3078356164383562	0.3260941318206466
493	0.30805479452054796	0.3106893616038084
494	0.30827397260273975	0.31005226187605406
495	0.30849315068493155	0.34212845918392737
496	0.3087123287671233	0.3291918341079683
497	0.3089315068493151	0.3376677357681469
498	0.3091506849315069	0.349164718621095
499	0.3093698630136986	0.2932895012734981
500	0.3095890410958904	0.3797637810174677
501	0.3098082191780822	0.22748291488228967
502	0.310027397260274	0.28199645193539724
503	0.3102465753424658	0.28257409564875147
504	0.31046575342465754	0.40996188329756655
505	0.31068493150684934	0.34461470835930497
506	0.31090410958904113	0.3197979750768015
507	0.3111232876712329	0.26496747968843015
508	0.31134246575342467	0.24947270485551945
509	0.31156164383561646	0.2946279349419774
510	0.31178082191780826	0.31138290771030225
511	0.31200000000000006	0.39540477874841123
512	0.3122191780821918	0.3004798601603703
513	0.3124383561643836	0.27803439682315834
514	0.3126575342465754	0.2554316481118005
515	0.3128767123287671	0.22458083075069354
516	0.3130958904109589	0.37452889559572744
517	0.3133150684931507	0.2382451294463725
518	0.31353424657534246	0.31237460841086206
519	0.31375342465753425	0.30757737724453155
520	0.31397260273972605	0.3655887279067243
521	0.31419178082191784	0.3128628850556232
522	0.31441095890410964	0.27991622366159985
523	0.3146301369863014	0.3114682869160893
524	0.3148493150684932	0.22786904214698694
525	0.31506849315068497	0.2576565224145832
526	0.3152876712328767	0.34757520906373846
527	0.3155068493150685	0.30280483516013684
528	0.3157260273972603	0.3425973525688642
529	0.3159452054794521	0.3093075965025559
530	0.31616438356164384	0.282956733855162
531	0.31638356164383563	0.34576399409007247
532	0.3166027397260274	0.21738861835927345
533	0.3168219178082192	0.29850721602388003
534	0.31704109589041096	0.23430610408738667
535	0.31726027397260276	0.27400396628837864
536	0.31747945205479455	0.2127201473209414
537	0.3176986301369863	0.35244012489180493
538	0.3179178082191781	0.4404722223139209
539	0.3181369863013699	0.3010344652720287
540	0.3183561643835617	0.3847630307593991
541	0.3185753424657535	0.29501650888088565
542	0.3187945205479452	0.31165647150144815
543	0.319013698630137	0.3834226510445121
544	0.3192328767123288	0.4288567100642917
545	0.31945205479452055	0.37654835094905104
546	0.31967123287671234	0.39791852549263246
547	0.31989041095890414	0.24541877779619825
548	0.32010958904109593	0.3455424594757508
549	0.32032876712328767	0.31491780959493954
550	0.32054794520547947	0.28901435325050506
551	0.32076712328767126	0.32146498731625156
552	0.32098630136986306	0.3190152118027887
553	0.3212054794520548	0.2690753887369682
554	0.3214246575342466	0.2669840311935761
555	0.3216438356164384	0.3619733807775518
556	0.32186301369863013	0.2710819204704368
557	0.3220821917808219	0.3709663495798512
558	0.3223013698630137	0.31209466258196106
559	0.3225205479452055	0.25627015226552924
560	0.3227397260273973	0.2597211540846235
561	0.32295890410958905	0.3927901761550718
562	0.32317808219178085	0.3522001119035378
563	0.32339726027397264	0.2566607273319035
564	0.3236164383561644	0.2957408319948964
565	0.3238356164383562	0.2953750178654808
566	0.324054794520548	0.2549105244873049
567	0.32427397260273977	0.33335096385513097
568	0.3244931506849315	0.3338919589170827
569	0.3247123287671233	0.3850837885990404
570	0.3249315068493151	0.3120365458195912
571	0.3251506849315069	0.2617698790271259
572	0.32536986301369863	0.2289711295687391
573	0.32558904109589043	0.3178316245919285
574	0.3258082191780822	0.35125904919684425
575	0.32602739726027397	0.2892056833154869
576	0.32624657534246576	0.32318341415677887
577	0.32646575342465756	0.3552536100642704
578	0.3266849315068493	0.2803048448832647
579	0.32690410958904115	0.28260694641934914
580	0.3271232876712329	0.33201505223172517
581	0.3273424657534246	0.33267583747683255
582	0.3275616438356165	0.29249420949651567
583	0.3277808219178082	0.2966243934879643
584	0.328	0.3481587316786246
585	0.3282191780821918	0.3162971544210137
586	0.32843835616438355	0.3161373131203282
587	0.32865753424657534	0.32022791762352004
588	0.32887671232876714	0.22821342756908214
589	0.3290958904109589	0.3130700842842089
590	0.32931506849315073	0.40150391246334005
591	0.32953424657534247	0.3993951185241166
592	0.32975342465753427	0.29017583895048804
593	0.32997260273972606	0.37489594464112797
594	0.3301917808219178	0.3415741412636382
595	0.3304109589041096	0.4228904641173365
596	0.3306301369863014	0.30074214669337734
597	0.33084931506849313	0.3638216004218777
598	0.331068493150685	0.31840606552644796
599	0.3312876712328767	0.26788191466099787
600	0.33150684931506846	0.3502267519958164
601	0.3317260273972603	0.2701847227783495
602	0.33194520547945205	0.30334799167064075
603	0.33216438356164385	0.2975245395534791
604	0.33238356164383565	0.2875533279945627
605	0.3326027397260274	0.4219906777784176
606	0.3328219178082192	0.36608403489677294
607	0.333041095890411	0.4139226083118564
608	0.3332602739726027	0.32858047751312686
609	0.33347945205479457	0.32610722815149434
610	0.3336986301369863	0.2222601306827171
611	0.3339178082191781	0.33415425507214824
612	0.3341369863013699	0.4247667678490505
613	0.33435616438356164	0.3426072644526877
614	0.33457534246575343	0.3372730840914271
615	0.33479452054794523	0.2932813390345668
616	0.33501369863013697	0.3905224730337449
617	0.3352328767123288	0.41889962236373174
618	0.33545205479452056	0.3326764946079488
619	0.3356712328767123	0.3788162378075443
620	0.33589041095890415	0.4304549787721403
621	0.3361095890410959	0.3621522902449605
622	0.3363287671232877	0.29890185039997286
623	0.3365479452054795	0.3257398230414762
624	0.3367671232876712	0.32291024563818577
625	0.336986301369863	0.38729023355357917
626	0.3372054794520548	0.3438495859159142
627	0.33742465753424655	0.4253671708092489
628	0.3376438356164384	0.39428250055904557
629	0.33786301369863014	0.3169959129412211
630	0.33808219178082194	0.3040161732975589
631	0.33830136986301373	0.35797934142713816
632	0.3385205479452055	0.38685460868833316
633	0.33873972602739727	0.32252307850851647
634	0.33895890410958907	0.32233601274489987
635	0.3391780821917808	0.2911141573870307
636	0.33939726027397266	0.2915282827458571
637	0.3396164383561644	0.3301225005459128
638	0.33983561643835614	0.27845963044287037
639	0.340054794520548	0.3805225159024924
640	0.3402739726027397	0.33767547912277684
641	0.3404931506849315	0.38324897981344996
642	0.3407123287671233	0.28695657521655016
643	0.34093150684931506	0.31620758957033357
644	0.34115068493150685	0.30335378721497597
645	0.34136986301369865	0.3774205333869951
646	0.3415890410958904	0.31266323339833085
647	0.34180821917808224	0.3146487716367817
648	0.342027397260274	0.34376872428083455
649	0.3422465753424658	0.4026390626157344
650	0.34246575342465757	0.36943226763835185
651	0.3426849315068493	0.3342474945894221
652	0.3429041095890411	0.4107671288820514
653	0.3431232876712329	0.2778571582219558
654	0.34334246575342464	0.3928638714616069
655	0.3435616438356165	0.35266313368696806
656	0.34378082191780823	0.37243146068348154
657	0.344	0.3414764721816092
658	0.3442191780821918	0.322848496152071
659	0.34443835616438356	0.34586749981945664
660	0.34465753424657536	0.2771016324894499
661	0.34487671232876715	0.36609368274922915
662	0.3450958904109589	0.30299013972003797
663	0.3453150684931507	0.35288667396321577
664	0.3455342465753425	0.32372333757347105
665	0.3457534246575342	0.42697423902268145
666	0.3459726027397261	0.30786541211554747
667	0.3461917808219178	0.3420138992868106
668	0.34641095890410956	0.4063030283490192
669	0.3466301369863014	0.3266637273122828
670	0.34684931506849315	0.40517653260773384
671	0.34706849315068494	0.3483292419955306
672	0.34728767123287674	0.32473185029794194
673	0.3475068493150685	0.3833308262145423
674	0.34772602739726033	0.38169195794384464
675	0.34794520547945207	0.3011642922245361
676	0.3481643835616438	0.2590367443871606
677	0.34838356164383566	0.4107719118497806
678	0.3486027397260274	0.3673980912431856
679	0.3488219178082192	0.414352273140105
680	0.349041095890411	0.3415267374646606
681	0.34926027397260273	0.2947772392866566
682	0.3494794520547945	0.34659985061716986
683	0.3496986301369863	0.2883894743541143
684	0.34991780821917806	0.3628597747015958
685	0.3501369863013699	0.3776807523548196
686	0.35035616438356165	0.35957042737302225
687	0.35057534246575345	0.4083280068980787
688	0.35079452054794524	0.35025930743019257
689	0.351013698630137	0.3250562055833349
690	0.3512328767123288	0.44236680676535683
691	0.3514520547945206	0.3566871768052275
692	0.35167123287671237	0.415137654746538
693	0.3518904109589041	0.37920466097601147
694	0.3521095890410959	0.27207091824453467
695	0.3523287671232877	0.25521331211435067
696	0.3525479452054795	0.36428246978437645
697	0.35276712328767124	0.43170161687632136
698	0.35298630136986303	0.3544951533255384
699	0.3532054794520548	0.35135603862729614
700	0.35342465753424657	0.3701305826664849
701	0.35364383561643836	0.3597955154071246
702	0.35386301369863016	0.3440526004171675
703	0.35408219178082195	0.42690183501533513
704	0.35430136986301375	0.3111575722417254
705	0.3545205479452055	0.3543680319928956
706	0.3547397260273973	0.28508555926366613
707	0.3549589041095891	0.3643291092926281
708	0.3551780821917808	0.28140073652038994
709	0.3553972602739726	0.34020431578125343
710	0.3556164383561644	0.3783981778261398
711	0.3558356164383562	0.4710264326378213
712	0.35605479452054795	0.3648912731927001
713	0.35627397260273974	0.35581516499609
714	0.35649315068493154	0.352475452950162
715	0.35671232876712333	0.343943554123007
716	0.35693150684931507	0.1898244024689026
717	0.35715068493150687	0.4115679627857334
718	0.35736986301369866	0.37075415345191687
719	0.3575890410958904	0.28230178228004077
720	0.3578082191780822	0.40676706843194377
721	0.358027397260274	0.38521761263545884
722	0.3582465753424658	0.4451954892570571
723	0.3584657534246576	0.37293408063656786
724	0.3586849315068493	0.3428191551612789
725	0.3589041095890411	0.24495189406783846
726	0.3591232876712329	0.39163059077656004
727	0.35934246575342466	0.3934419031894343
728	0.35956164383561645	0.3140755575657499
729	0.35978082191780825	0.3862625752117351
730	0.36000000000000004	0.4024267054813783
731	0.3602191780821918	0.41014970423153374
732	0.3604383561643836	0.4067897116615488
733	0.3606575342465754	0.2750201430314373
734	0.36087671232876717	0.3258006681569526
735	0.3610958904109589	0.4132444292485938
736	0.3613150684931507	0.42958255750277446
737	0.3615342465753425	0.3261950450014468
738	0.36175342465753424	0.3614262154281691
739	0.36197260273972603	0.3742690672679784
740	0.36219178082191783	0.3942162623253487
741	0.3624109589041096	0.38463339727732926
742	0.3626301369863014	0.4540569171330433
743	0.36284931506849316	0.39248297067469096
744	0.36306849315068496	0.46497200017397755
745	0.36328767123287675	0.4064480352461146
746	0.3635068493150685	0.37687205954010117
747	0.3637260273972603	0.30903471999013266
748	0.3639452054794521	0.39589051514797713
749	0.3641643835616439	0.4348094918122357
750	0.3643835616438356	0.38059679160556725
751	0.3646027397260274	0.38306491228955686
752	0.3648219178082192	0.31324949756525877
753	0.365041095890411	0.35654296372855376
754	0.36526027397260274	0.4099630972845756
755	0.36547945205479454	0.3649174468166745
756	0.36569863013698634	0.2861063736802314
757	0.3659178082191781	0.4475725907331438
758	0.36613698630136987	0.3826629999013585
759	0.36635616438356167	0.42612506929445
760	0.36657534246575346	0.42838889625913956
761	0.36679452054794526	0.473572857219307
762	0.367013698630137	0.41493842596129943
763	0.3672328767123288	0.3831640683474498
764	0.3674520547945206	0.29805521607864327
765	0.36767123287671233	0.39263130252472145
766	0.3678904109589041	0.3821814774876178
767	0.3681095890410959	0.3935878060306142
768	0.3683287671232877	0.37252654661382867
769	0.36854794520547945	0.3144870821063975
770	0.36876712328767125	0.4159556393069156
771	0.36898630136986305	0.4197206605725226
772	0.36920547945205484	0.38326116288116696
773	0.3694246575342466	0.32211222926135075
774	0.3696438356164384	0.2683553331134009
775	0.36986301369863017	0.3934760708814966
776	0.3700821917808219	0.4308995468894519
777	0.3703013698630137	0.4703415538523782
778	0.3705205479452055	0.34824977782610705
779	0.3707397260273973	0.3793218594382353
780	0.3709589041095891	0.46132094181763894
781	0.37117808219178083	0.39231532076528114
782	0.37139726027397263	0.342891956197691
783	0.3716164383561644	0.42277699997968354
784	0.37183561643835616	0.4686522830715401
785	0.37205479452054796	0.35102647551713845
786	0.37227397260273976	0.4241815075422586
787	0.37249315068493155	0.3242561192651232
788	0.3727123287671233	0.38435647785414156
789	0.3729315068493151	0.3180243876435192
790	0.3731506849315069	0.4037263828574266
791	0.3733698630136987	0.45423292166371987
792	0.3735890410958904	0.3863229761706572
793	0.3738082191780822	0.3135331727508505
794	0.374027397260274	0.3900506656921009
795	0.37424657534246575	0.317418763114368
796	0.37446575342465754	0.4225068429854125
797	0.37468493150684934	0.46075017100368715
798	0.37490410958904113	0.35136101882550946
799	0.37512328767123293	0.4503429071459245
800	0.37534246575342467	0.3331505651901511
801	0.37556164383561647	0.3752799533869349
802	0.37578082191780826	0.3913268637297745
803	0.376	0.4472881602914272
804	0.3762191780821918	0.3704081065525776
805	0.3764383561643836	0.3928088301151815
806	0.37665753424657533	0.37345151414473454
807	0.3768767123287671	0.403341561145966
808	0.3770958904109589	0.373055885653582
809	0.3773150684931507	0.4806699335806667
810	0.3775342465753425	0.37620970244932656
811	0.37775342465753425	0.3664814795993396
812	0.37797260273972605	0.3883355144299898
813	0.37819178082191784	0.3743582043865491
814	0.3784109589041096	0.3236764513297079
815	0.3786301369863014	0.4691351513221774
816	0.3788493150684932	0.38440540250532906
817	0.37906849315068497	0.38495822847741973
818	0.37928767123287677	0.38528889173109887
819	0.3795068493150685	0.39865948647149235
820	0.3797260273972603	0.3400309234262295
821	0.3799452054794521	0.2260473043416049
822	0.38016438356164384	0.3743780307092192
823	0.38038356164383563	0.33063154482364626
824	0.38060273972602743	0.3261107571996391
825	0.38082191780821917	0.400945820189417
826	0.38104109589041096	0.3570405576228628
827	0.38126027397260276	0.4596278971877437
828	0.38147945205479455	0.4629863625428964
829	0.38169863013698635	0.3909700060198278
830	0.3819178082191781	0.4778221750558711
831	0.3821369863013699	0.430005276601757
832	0.3823561643835617	0.3376785706863271
833	0.3825753424657534	0.3616433817001635
834	0.3827945205479452	0.39224744435313647
835	0.383013698630137	0.37076716302367735
836	0.3832328767123288	0.365200744039452
837	0.3834520547945206	0.42384815331490827
838	0.38367123287671234	0.31932784706366923
839	0.38389041095890414	0.4071786636524479
840	0.38410958904109593	0.29535703396471374
841	0.3843287671232877	0.3324109946411941
842	0.38454794520547947	0.3531450853021223
843	0.38476712328767126	0.42681306769606975
844	0.384986301369863	0.33433504510821943
845	0.3852054794520548	0.3945786057629908
846	0.3854246575342466	0.3026557170387343
847	0.3856438356164384	0.3722583023358963
848	0.3858630136986302	0.42341836244124054
849	0.3860821917808219	0.4151518128211566
850	0.3863013698630137	0.4121314640828462
851	0.3865205479452055	0.32139498071249945
852	0.38673972602739726	0.357204324527532
853	0.38695890410958905	0.444508153719254
854	0.38717808219178085	0.37611102728187684
855	0.38739726027397264	0.3497696745066008
856	0.38761643835616444	0.3482411667943702
857	0.3878356164383562	0.4406193562101156
858	0.388054794520548	0.45439155800000847
859	0.38827397260273977	0.3287268514301096
860	0.3884931506849315	0.45738792278107
861	0.3887123287671233	0.3806269795646565
862	0.3889315068493151	0.40750159620121407
863	0.38915068493150684	0.3837259997515232
864	0.38936986301369864	0.35344941511610245
865	0.38958904109589043	0.36675258034081853
866	0.3898082191780822	0.5247290809292228
867	0.390027397260274	0.39419122640517423
868	0.39024657534246576	0.4478307413502845
869	0.39046575342465756	0.40121408635896544
870	0.39068493150684935	0.3983411095785791
871	0.3909041095890411	0.4771211557047099
872	0.3911232876712329	0.43629156893068904
873	0.3913424657534247	0.38634041798810714
874	0.3915616438356165	0.42967054999680104
875	0.3917808219178082	0.3683437838336063
876	0.392	0.40546588650902415
877	0.3922191780821918	0.4271509391602705
878	0.3924383561643836	0.2842150632954931
879	0.39265753424657535	0.38686859070067786
880	0.39287671232876714	0.4545064130891418
881	0.39309589041095894	0.4432886346765757
882	0.3933150684931507	0.3241134702518605
883	0.3935342465753425	0.5031214511807398
884	0.39375342465753427	0.38750336411168196
885	0.39397260273972606	0.34197797889268966
886	0.39419178082191786	0.43205500901834165
887	0.3944109589041096	0.41925267929989674
888	0.3946301369863014	0.4360689913740273
889	0.3948493150684932	0.3974371898727198
890	0.39506849315068493	0.5004744643301852
891	0.3952876712328767	0.3884771422433983
892	0.3955068493150685	0.32302258798149
893	0.3957260273972603	0.36412109383364677
894	0.39594520547945206	0.33950894725820147
895	0.39616438356164385	0.33686588662622696
896	0.39638356164383565	0.405629920603913
897	0.39660273972602744	0.4089756304366985
898	0.3968219178082192	0.32397804034831074
899	0.397041095890411	0.4045520270395292
900	0.3972602739726028	0.41013575301842686
901	0.3974794520547945	0.3993205580315458
902	0.3976986301369863	0.43625408374904084
903	0.3979178082191781	0.3803176977028418
904	0.3981369863013699	0.384064999520307
905	0.3983561643835617	0.3358320364613595
906	0.39857534246575343	0.31505584840897743
907	0.39879452054794523	0.3249297872933496
908	0.399013698630137	0.3631632710178474
909	0.39923287671232877	0.39659285183260384
910	0.39945205479452056	0.29468663929497807
911	0.39967123287671236	0.3611182040416535
912	0.39989041095890415	0.44095550663788274